1 0.4114128649234772 -0.21585309505462646 -0.4114128649234772 0.7841468453407288 0.0 -5.292001724243164 3.654980182647705 1 Camera.001.jpg

2 0.2566893696784973 0.8976081013679504 -0.3031630218029022 -0.1910562664270401 1.6323888301849365 -5.024428844451904 3.654980182647705 1 Camera.002.jpg

3 0.5116115808486938 0.11732214689254761 0.688929557800293 0.49986520409584045 3.1061246395111084 -4.275086402893066 3.654980182647705 1 Camera.003.jpg

4 0.6654966473579407 0.006716310046613216 0.5783235430717468 0.4718165397644043 4.27508544921875 -3.106126308441162 3.654980182647705 1 Camera.004.jpg

5 0.8031625151634216 -0.0643470510840416 0.43897250294685364 0.3976084291934967 5.024427890777588 -1.63239324092865 3.654980182647705 1 Camera.005.jpg

6 0.9114127159118652 -0.08858714252710342 0.28414708375930786 0.28414711356163025 5.292001247406006 -2.517722350603435e-06 3.654980182647705 1 Camera.006.jpg

7 0.9789645671844482 -0.06434712558984756 0.12998038530349731 0.14350256323814392 5.0244293212890625 1.632386326789856 3.654980182647705 1 Camera.007.jpg

8 0.9998651146888733 0.006715923082083464 -0.009472787380218506 -0.011611147783696651 4.275089263916016 3.1061205863952637 3.654980182647705 1 Camera.008.jpg

9 0.9718167781829834 0.11732161045074463 -0.12007874995470047 -0.1654961258172989 3.106130361557007 4.275082588195801 3.654980182647705 1 Camera.009.jpg

10 0.8976085782051086 0.25668859481811523 -0.19105593860149384 -0.3031623363494873 1.6323961019515991 5.024426460266113 3.654980182647705 1 Camera.010.jpg

11 0.7841472029685974 0.4114125370979309 -0.21585309505462646 -0.41141268610954285 3.776589892368065e-06 5.292001247406006 3.654980182647705 1 Camera.011.jpg

12 0.6435022950172424 0.5656812191009521 -0.19105619192123413 -0.4789646565914154 -1.6323891878128052 5.024428367614746 3.654980182647705 1 Camera.012.jpg

13 0.12007912248373032 -0.16549675166606903 -0.9718164801597595 0.11732213944196701 -3.1061246395111084 4.275086402893066 3.654980182647705 1 Camera.013.jpg

14 0.00947344209998846 -0.011611878871917725 -0.9998651146888733 0.006716399919241667 -4.275084972381592 3.1061272621154785 3.654980182647705 1 Camera.014.jpg

15 0.12997998297214508 -0.1435021311044693 0.9789646863937378 0.0643470287322998 -5.024427890777588 1.6323919296264648 3.654980182647705 1 Camera.015.jpg

16 0.2841467559337616 -0.28414681553840637 0.9114128947257996 0.08858710527420044 -5.292001724243164 6.294310992416285e-07 3.654980182647705 1 Camera.016.jpg

17 0.14350219070911407 -0.12998004257678986 -0.06434705853462219 -0.9789646863937378 -5.024427890777588 -1.6323907375335693 3.654980182647705 1 Camera.017.jpg

18 0.0116117587313056 -0.009473234415054321 -0.006716310512274504 0.9998651146888733 -4.275085926055908 -3.106125593185425 3.654980182647705 1 Camera.018.jpg

19 0.16549651324748993 -0.12007897347211838 -0.1173219233751297 0.9718165993690491 -3.106126546859741 -4.27508544921875 3.654980182647705 1 Camera.019.jpg

20 0.30316275358200073 -0.19105616211891174 -0.2566891610622406 0.89760822057724 -1.6323916912078857 -5.024427890777588 3.654980182647705 1 Camera.020.jpg

