Camera.001.jpg 0.07081705331802368 -0.3377830684185028 3.6584994792938232
Camera.002.jpg 0.18230222165584564 -0.30571430921554565 3.628051519393921
Camera.003.jpg 0.2787076532840729 -0.24563974142074585 3.5800163745880127
Camera.004.jpg 0.35076597332954407 -0.16154438257217407 3.516756296157837
Camera.005.jpg 0.390508770942688 -0.059658825397491455 3.444261074066162
Camera.006.jpg 0.39210912585258484 0.051101528108119965 3.3712446689605713
Camera.007.jpg 0.35318490862846375 0.1594645231962204 3.3010523319244385
Camera.008.jpg 0.275840163230896 0.2530045509338379 3.2445826530456543
Camera.009.jpg 0.16744260489940643 0.31984108686447144 3.2060787677764893
Camera.010.jpg 0.03997265174984932 0.3511502146720886 3.1895382404327393
Camera.011.jpg -0.09152333438396454 0.34284064173698425 3.197986125946045
Camera.012.jpg -0.21184541285037994 0.2971568703651428 3.2273519039154053
Camera.013.jpg -0.3079409599304199 0.22054743766784668 3.2776920795440674
Camera.014.jpg -0.37078022956848145 0.12327605485916138 3.3424367904663086
Camera.015.jpg -0.3959108293056488 0.016517549753189087 3.415029287338257
Camera.016.jpg -0.38303467631340027 -0.08886891603469849 3.4900569915771484
Camera.017.jpg -0.33521512150764465 -0.1838361620903015 3.5560028553009033
Camera.018.jpg -0.2580379843711853 -0.2607884407043457 3.6109914779663086
Camera.019.jpg -0.15885211527347565 -0.3143000602722168 3.6480095386505127
Camera.020.jpg -0.04613182693719864 -0.3406975269317627 3.663628339767456