1 0.3580952286720276 0.9336850643157959 0.0 0.0 0.0 -2.384185791015625e-07 4.03477668762207 1 Camera.001.jpg

2 0.35329487919807434 0.9223421812057495 0.1460721343755722 -0.055951617658138275 5.96308922240496e-08 2.980232238769531e-07 4.0316925048828125 1 Camera.002.jpg

3 0.3402487635612488 0.8881077170372009 0.2885706424713135 -0.11055620014667511 1.0639491421216007e-07 2.980232238769531e-07 4.032169818878174 1 Camera.003.jpg

4 0.3187671899795532 0.8320372700691223 0.42393651604652405 -0.16241709887981415 -1.4712070139921707e-07 0.0 4.032169818878174 1 Camera.004.jpg

5 0.28938111662864685 0.7554832100868225 0.5489055514335632 -0.21025331318378448 7.966775683598826e-09 2.9802322387695312e-08 4.0316925048828125 1 Camera.005.jpg

6 0.2532115876674652 0.6602151989936829 0.660214900970459 -0.25321149826049805 1.8599868667479313e-07 -2.384190338489134e-07 4.03477668762207 1 Camera.006.jpg

7 0.21025343239307404 0.5489059090614319 0.7554829716682434 -0.28938090801239014 6.98474309501762e-07 -1.9371509552001953e-07 4.0316925048828125 1 Camera.007.jpg

8 0.16241730749607086 0.4239371418952942 0.8320369720458984 -0.31876710057258606 -6.634860483245575e-08 1.7881393432617188e-07 4.032169818878174 1 Camera.008.jpg

9 0.11055637896060944 0.28857114911079407 0.8881074786186218 -0.34024861454963684 2.382465709160897e-07 -3.5762786865234375e-07 4.032169818878174 1 Camera.009.jpg

10 0.05595187097787857 0.14607283473014832 0.92234206199646 -0.35329484939575195 -1.3994180392273847e-07 2.384185791015625e-07 4.0316925048828125 1 Camera.010.jpg

11 1.277757633033616e-07 3.3315802738798084e-07 0.9336850643157959 -0.3580951690673828 -1.7019469601003978e-13 -2.38419602283102e-07 4.034776210784912 1 Camera.011.jpg

12 0.05595163255929947 0.1460721790790558 -0.9223421812057495 0.35329481959342957 9.957312130381979e-08 -4.470348358154297e-08 4.0316925048828125 1 Camera.012.jpg

13 0.11055618524551392 0.2885706126689911 -0.8881077170372009 0.3402487635612488 -1.3202367199482978e-07 5.960464477539063e-08 4.032169818878174 1 Camera.013.jpg

14 0.16241708397865295 0.42393651604652405 -0.8320372700691223 0.3187672197818756 2.935208271992451e-07 5.960464477539063e-08 4.032169818878174 1 Camera.014.jpg

15 0.21025335788726807 0.548905611038208 -0.7554832100868225 0.2893810570240021 -1.21463145319467e-07 4.470348358154297e-08 4.0316925048828125 1 Camera.015.jpg

16 0.2532115578651428 0.6602150201797485 -0.6602150797843933 0.2532116174697876 -2.0075782458661706e-07 -3.8191672047105385e-14 4.03477668762207 1 Camera.016.jpg

17 0.2893810570240021 0.7554830312728882 -0.5489057898521423 0.21025337278842926 -8.011762702153646e-07 -4.172325134277344e-07 4.031692981719971 1 Camera.017.jpg

18 0.3187672197818756 0.8320372104644775 -0.4239366352558136 0.16241711378097534 -1.1660560517157137e-07 2.980232238769531e-07 4.032169818878174 1 Camera.018.jpg

19 0.340248703956604 0.8881075382232666 -0.2885708212852478 0.11055625975131989 -1.9716259203050868e-07 2.980232238769531e-07 4.032169818878174 1 Camera.019.jpg

20 0.35329490900039673 0.9223421216011047 -0.1460723876953125 0.05595172941684723 -1.0050426624275133e-07 2.5331974029541016e-07 4.0316925048828125 1 Camera.020.jpg
