1 0.5610944628715515 0.49751362204551697 -0.42597129940986633 0.5061636567115784 0.9728150963783264 -0.004865225870162249 0.38981693983078003 1 frame000010.png

2 0.5609458088874817 0.5150604248046875 -0.41361933946609497 0.4989705979824066 0.972476601600647 -0.054430194199085236 0.40134984254837036 1 frame000025.png

3 0.5636271834373474 0.5350656509399414 -0.394671767950058 0.49016669392585754 0.9632800221443176 -0.12553364038467407 0.4195748269557953 1 frame000040.png

4 0.5664774179458618 0.5558271408081055 -0.3819935619831085 0.47354039549827576 0.97313392162323 -0.1448175460100174 0.4265812933444977 1 frame000055.png

5 0.5811424851417542 0.6146395802497864 -0.3369978666305542 0.4134296178817749 1.0027449131011963 -0.20496881008148193 0.4569295644760132 1 frame000070.png

6 0.5875780582427979 0.6291797161102295 -0.3226986825466156 0.3933834135532379 1.011024832725525 -0.2247789055109024 0.468803346157074 1 frame000085.png

7 0.6036843657493591 0.6258519291877747 -0.3483007848262787 0.35008731484413147 1.0591638088226318 -0.24072249233722687 0.46738526225090027 1 frame000100.png

8 0.6238402724266052 0.618358314037323 -0.38857755064964294 0.2783231735229492 1.1342785358428955 -0.257304847240448 0.4714561104774475 1 frame000115.png

9 0.6278913021087646 0.6185717582702637 -0.3930388391017914 0.26199623942375183 1.1531798839569092 -0.2615484893321991 0.47256696224212646 1 frame000130.png

10 0.6380865573883057 0.6534039378166199 -0.3261476159095764 0.24400146305561066 1.2105576992034912 -0.29512667655944824 0.4639381170272827 1 frame000145.png

11 0.6458327770233154 0.6940759420394897 -0.23336820304393768 0.21609705686569214 1.273085594177246 -0.329606294631958 0.4565393626689911 1 frame000160.png

12 0.6535186767578125 0.6976463794708252 -0.21168938279151917 0.20344656705856323 1.2819052934646606 -0.3318749964237213 0.4592853784561157 1 frame000175.png

13 0.6221188306808472 0.7719935178756714 0.10324573516845703 -0.07959114760160446 1.5670980215072632 -0.3197174668312073 0.5054683089256287 1 frame000320.png

14 0.5935276746749878 0.7783105969429016 0.17303916811943054 -0.10961256921291351 1.5797656774520874 -0.26208120584487915 0.4993303418159485 1 frame000335.png

15 0.5661306977272034 0.7833967208862305 0.22005151212215424 -0.13176874816417694 1.5895113945007324 -0.218055859208107 0.5006070137023926 1 frame000350.png

16 0.49005013704299927 0.8194271922111511 0.24345745146274567 -0.1706411987543106 1.610832929611206 -0.15123248100280762 0.5600450038909912 1 frame000365.png

17 0.45165374875068665 0.8282057046890259 0.2697089612483978 -0.19323879480361938 1.6169010400772095 -0.11232638359069824 0.5731199383735657 1 frame000380.png

18 0.37898463010787964 0.8348193168640137 0.3222910165786743 -0.23574520647525787 1.6238068342208862 -0.03797593340277672 0.5887194275856018 1 frame000395.png

19 0.35206109285354614 0.8076342344284058 0.38873741030693054 -0.26956117153167725 1.6234374046325684 0.0032502522226423025 0.5912883877754211 1 frame000410.png

20 0.31471288204193115 0.7677687406539917 0.4645181894302368 -0.30937013030052185 1.6220855712890625 0.0525636188685894 0.5945549011230469 1 frame000425.png

21 0.2837674021720886 0.7986232042312622 0.4256022572517395 -0.3170802891254425 1.6199407577514648 0.08351463079452515 0.5915129780769348 1 frame000440.png

22 0.20634746551513672 0.8584176301956177 0.34821537137031555 -0.3150967061519623 1.6144696474075317 0.14596666395664215 0.5870325565338135 1 frame000455.png

23 0.18905538320541382 0.8523668646812439 0.3609713017940521 -0.327763170003891 1.6111880540847778 0.16434718668460846 0.5819618701934814 1 frame000470.png

24 0.1293167620897293 0.7785707116127014 0.46171271800994873 -0.40487805008888245 1.5934275388717651 0.23508837819099426 0.5563385486602783 1 frame000485.png

25 0.09253555536270142 0.7302365303039551 0.5097136497497559 -0.44540297985076904 1.5818368196487427 0.2734712064266205 0.5428259372711182 1 frame000500.png

26 0.10756613314151764 0.7614725828170776 0.4867762327194214 -0.4142923951148987 1.5808309316635132 0.28330737352371216 0.5390322804450989 1 frame000515.png

27 0.057988930493593216 0.058331914246082306 0.7558609843254089 -0.6495451927185059 1.5211046934127808 0.4477473497390747 0.529542088508606 1 frame000700.png

28 0.0163719579577446 0.07256140559911728 0.7364557385444641 -0.672383725643158 1.5013781785964966 0.44700726866722107 0.4788726568222046 1 frame000715.png

29 0.03807225078344345 -0.09499923884868622 -0.7057985663414001 0.7009807825088501 1.4460008144378662 0.4371715784072876 0.42007458209991455 1 frame000730.png

30 0.051502346992492676 -0.09560446441173553 -0.698287844657898 0.7075318694114685 1.4269208908081055 0.4338160753250122 0.4089162349700928 1 frame000745.png

31 0.08266052603721619 0.011409795843064785 -0.695320725440979 0.713839054107666 1.377003788948059 0.43880695104599 0.40763479471206665 1 frame000760.png

32 0.11961281299591064 0.14141033589839935 -0.6791974306106567 0.7102019786834717 1.303848385810852 0.43997493386268616 0.4103311598300934 1 frame000775.png

33 0.12942543625831604 0.14439798891544342 -0.683252215385437 0.7039635181427002 1.2918059825897217 0.4332786798477173 0.41203922033309937 1 frame000790.png

34 0.1741524040699005 0.07330501079559326 -0.7229593992233276 0.6645503044128418 1.2612240314483643 0.3882583975791931 0.42292994260787964 1 frame000805.png

35 0.24182286858558655 -0.016377588734030724 -0.7592354416847229 0.6039991974830627 1.2078965902328491 0.3312131464481354 0.44925352931022644 1 frame000820.png

36 0.2652973234653473 -0.043275196105241776 -0.7666411995887756 0.5831001996994019 1.1877399682998657 0.31394219398498535 0.4604697823524475 1 frame000835.png

37 0.2884672284126282 0.010596473701298237 -0.7603767514228821 0.5818090438842773 1.1711773872375488 0.28511911630630493 0.4519391655921936 1 frame000850.png

38 0.3461519777774811 0.13043005764484406 -0.7326030731201172 0.5713664293289185 1.1257305145263672 0.22771020233631134 0.4407680034637451 1 frame000865.png

39 0.3692132532596588 0.1738274097442627 -0.717016875743866 0.5651127099990845 1.1061053276062012 0.2095889002084732 0.4397718608379364 1 frame000880.png

40 0.38552966713905334 0.21912668645381927 -0.6983591914176941 0.5618228316307068 1.1030608415603638 0.1872692108154297 0.43642497062683105 1 frame000895.png

41 0.4288496971130371 0.3332349359989166 -0.6384731531143188 0.5453388690948486 1.088918924331665 0.13360187411308289 0.42972609400749207 1 frame000910.png

42 0.4508245587348938 0.38882753252983093 -0.6012656092643738 0.5329635143280029 1.077865719795227 0.10898134112358093 0.4273373484611511 1 frame000925.png

43 0.4579305052757263 0.41421493887901306 -0.5811036825180054 0.5301361680030823 1.0774983167648315 0.09680399298667908 0.42718884348869324 1 frame000940.png

44 0.4774921238422394 0.4987375736236572 -0.5065305829048157 0.5164192914962769 1.0737353563308716 0.05583558231592178 0.42611387372016907 1 frame000955.png

45 0.484264612197876 0.5367267727851868 -0.4690152704715729 0.5073825120925903 1.0697728395462036 0.037039339542388916 0.4252217710018158 1 frame000970.png

46 0.5152426362037659 0.5306657552719116 -0.474954754114151 0.4767986834049225 1.0715219974517822 0.00382717652246356 0.42194560170173645 1 frame000985.png

47 0.5394623279571533 0.5193661451339722 -0.4772445559501648 0.45986607670783997 1.0716865062713623 -0.01835606060922146 0.42270994186401367 1 frame001000.png

