frame000001.png 0.9728131481 -0.00487245947111 0.38982271899
frame000002.png 0.972821160343 -0.00486817365146 0.389843523006
frame000003.png 0.972832630551 -0.00484551447893 0.389840386151
frame000004.png 0.972836934061 -0.004879699227 0.389853092741
frame000005.png 0.972822723349 -0.00484270470335 0.389844010201
frame000006.png 0.972822623323 -0.00486567372928 0.389844025333
frame000007.png 0.972822629973 -0.00485932540709 0.389831359179
frame000008.png 0.972811966059 -0.00485075835429 0.38982848533
frame000009.png 0.972811165921 -0.00485792325604 0.389834430986
frame000010.png 0.972815112784 -0.00486522597589 0.389816934419
frame000011.png 0.972794365177 -0.00507733002504 0.38983907175
frame000012.png 0.972783139389 -0.00562084916096 0.389971918372
frame000013.png 0.972900557219 -0.00672366361546 0.390230026073
frame000014.png 0.972989058356 -0.00839638817419 0.390626039444
frame000015.png 0.973027503364 -0.0100253107699 0.390950741387
frame000016.png 0.973093642145 -0.0125605862831 0.391546062956
frame000017.png 0.973193160896 -0.0155400539538 0.392244352307
frame000018.png 0.973206644776 -0.018920151704 0.392986671513
frame000019.png 0.973263970737 -0.0220929174488 0.393736709385
frame000020.png 0.973347022888 -0.0265416412958 0.394752189249
frame000021.png 0.973211212723 -0.0312815604407 0.395845022435
frame000022.png 0.97317722925 -0.0366895019303 0.397116281406
frame000023.png 0.973007098217 -0.0414169602309 0.398243535734
frame000024.png 0.972748257093 -0.047726193355 0.3997273948
frame000025.png 0.972476602368 -0.0544301960503 0.401349837457
frame000026.png 0.972029137032 -0.061769174047 0.403131855982
frame000027.png 0.97147274388 -0.0679810678872 0.404661803873
frame000028.png 0.970710127238 -0.0754816502346 0.406499543972
frame000029.png 0.970045686795 -0.0824137050817 0.408251329318
frame000030.png 0.969508164591 -0.0877309686359 0.409616004792
frame000031.png 0.96865215907 -0.0938960032988 0.411203337476
frame000032.png 0.96776534517 -0.0994045955323 0.412583868015
frame000033.png 0.967021332496 -0.104496562132 0.413963168
frame000034.png 0.966431237302 -0.108246497389 0.414961878899
frame000035.png 0.965757388273 -0.112459818314 0.416052488321
frame000036.png 0.965168166803 -0.116158901932 0.417038929193
frame000037.png 0.964509603927 -0.119331967216 0.417868416484
frame000038.png 0.964050896898 -0.121522658186 0.418473948637
frame000039.png 0.963573656094 -0.124081126981 0.419177374803
frame000040.png 0.963280030877 -0.125533638196 0.419574822653
frame000041.png 0.963036105187 -0.126928139132 0.419937241185
frame000042.png 0.962820402562 -0.127811042257 0.420170081778
frame000043.png 0.962764874744 -0.128140456444 0.420285554734
frame000044.png 0.962811354144 -0.128226397165 0.42030679902
frame000045.png 0.963092516133 -0.128602378157 0.420451944253
frame000046.png 0.963396128508 -0.129119518245 0.420623955147
frame000047.png 0.9638425004 -0.129860799897 0.420883690338
frame000048.png 0.96453634633 -0.130923147497 0.421300488702
frame000049.png 0.965243403533 -0.131946670352 0.421676222667
frame000050.png 0.966173850021 -0.13349871371 0.422188155395
frame000051.png 0.967312585121 -0.135226237392 0.422844865527
frame000052.png 0.968594918424 -0.137351365904 0.423658354095
frame000053.png 0.969841720561 -0.13932110937 0.424399788763
frame000054.png 0.971426024723 -0.141929410738 0.425422401114
frame000055.png 0.973133933428 -0.144817544008 0.426581286179
frame000056.png 0.975001848094 -0.14793240109 0.427874250821
frame000057.png 0.976596869687 -0.150745737719 0.429051851255
frame000058.png 0.978779634238 -0.154535187425 0.43067942319
frame000059.png 0.980937885796 -0.158388902685 0.432443375015
frame000060.png 0.983255704856 -0.162727870447 0.434438293243
frame000061.png 0.985174587031 -0.1664523141 0.436152020265
frame000062.png 0.987660836185 -0.17118561453 0.438502279305
frame000063.png 0.990117433596 -0.176261889055 0.441035271742
frame000064.png 0.992523145692 -0.18139508581 0.443656425946
frame000065.png 0.99446525722 -0.185483298842 0.445867202205
frame000066.png 0.996477797334 -0.190068500683 0.448332730995
frame000067.png 0.998390284567 -0.194338475176 0.450753290676
frame000068.png 0.999755598321 -0.197622376124 0.452659297977
frame000069.png 1.00132228733 -0.201452668247 0.454834572211
frame000070.png 1.0027449424 -0.204968806949 0.456929564455
frame000071.png 1.00378137745 -0.207635113514 0.458503161215
frame000072.png 1.00492970159 -0.210701776566 0.460330835236
frame000073.png 1.00590750854 -0.213287964253 0.461970245683
frame000074.png 1.00679041711 -0.215716448549 0.463477923514
frame000075.png 1.00741328424 -0.217446645033 0.464557537281
frame000076.png 1.00809050882 -0.219341375649 0.46575808243
frame000077.png 1.00860102958 -0.220933593378 0.466730940481
frame000078.png 1.00903244942 -0.22198419167 0.467451021079
frame000079.png 1.00929774516 -0.222896129923 0.468065420807
frame000080.png 1.00961496256 -0.223657384723 0.468572447472
frame000081.png 1.00974174854 -0.224078884757 0.468816558841
frame000082.png 1.00971044812 -0.224153603738 0.468862180878
frame000083.png 1.00990618635 -0.224309536326 0.468875743445
frame000084.png 1.01038842813 -0.224572099106 0.468855412108
frame000085.png 1.01102482339 -0.224778901543 0.46880334416
frame000086.png 1.0121682585 -0.225171775218 0.468777141729
frame000087.png 1.01358795416 -0.225670033644 0.468647642636
frame000088.png 1.01539608149 -0.226353028768 0.468610413836
frame000089.png 1.01704786933 -0.226928051666 0.468415192679
frame000090.png 1.01945397409 -0.227770949167 0.468337093442
frame000091.png 1.0222212793 -0.228794609088 0.468112564558
frame000092.png 1.02536839599 -0.229886665926 0.468051693895
frame000093.png 1.02809261923 -0.230773781474 0.467879244621
frame000094.png 1.03184002304 -0.232044307816 0.46775735384
frame000095.png 1.03592881368 -0.233455359924 0.467700118481
frame000096.png 1.03945402122 -0.23466727903 0.467638730318
frame000097.png 1.04406591919 -0.236128598868 0.467516692539
frame000098.png 1.04891346905 -0.237618115196 0.467361456435
frame000099.png 1.05326308809 -0.238901572671 0.467343866972
frame000100.png 1.05916385018 -0.240722498211 0.467385248419
frame000101.png 1.06513437024 -0.242314450079 0.467379596768
frame000102.png 1.07118895419 -0.244023801375 0.467386577602
frame000103.png 1.07664738332 -0.245395816632 0.467556438901
frame000104.png 1.08341973651 -0.247186827238 0.4678850843
frame000105.png 1.09001828773 -0.248763896814 0.468052484167
frame000106.png 1.09496170404 -0.249879919916 0.468219536436
frame000107.png 1.10103371328 -0.251222727436 0.46860526215
frame000108.png 1.10659926314 -0.252418654253 0.468980121916
frame000109.png 1.11072759825 -0.253217450372 0.469254730825
frame000110.png 1.11584650975 -0.25424134803 0.46964552587
frame000111.png 1.12050133679 -0.255017586336 0.470012681017
frame000112.png 1.12397254882 -0.255673855116 0.47034332829
frame000113.png 1.12791101054 -0.256218361358 0.47071881329
frame000114.png 1.13158772532 -0.256913515288 0.471110064085
frame000115.png 1.13427851086 -0.257304835944 0.471456113325
frame000116.png 1.13725720036 -0.257733680561 0.471678427849
frame000117.png 1.13992627793 -0.258082356696 0.471973489059
frame000118.png 1.14179107458 -0.258425769521 0.472212665021
frame000119.png 1.14395928488 -0.258630632175 0.47249579081
frame000120.png 1.1456582463 -0.258950042386 0.472677332729
frame000121.png 1.14682634672 -0.259078610389 0.472900404199
frame000122.png 1.1480039707 -0.259167136207 0.472992800392
frame000123.png 1.14886975286 -0.259345955419 0.473112445978
frame000124.png 1.14932921697 -0.259363163789 0.473193663702
frame000125.png 1.14948430817 -0.259343860057 0.473247196114
frame000126.png 1.14962554046 -0.25941904792 0.473176385962
frame000127.png 1.15018391521 -0.259765180568 0.473136100618
frame000128.png 1.15078103362 -0.260096577522 0.473036008615
frame000129.png 1.15191802197 -0.260773391431 0.472802921794
frame000130.png 1.15317984362 -0.26154848737 0.472566976932
frame000131.png 1.15512489037 -0.262738121179 0.472387143549
frame000132.png 1.15726151838 -0.263950414692 0.471842162989
frame000133.png 1.15983342561 -0.2654882074 0.471467133395
frame000134.png 1.16217906669 -0.266869984797 0.471079402195
frame000135.png 1.16536509721 -0.268785041734 0.470541492465
frame000136.png 1.16884539915 -0.270854715598 0.470063903075
frame000137.png 1.17275462159 -0.273154420732 0.469495064743
frame000138.png 1.17611731701 -0.275076152023 0.468940460404
frame000139.png 1.18052644503 -0.277723146415 0.468149754963
frame000140.png 1.18533486182 -0.280502171351 0.46738421768
frame000141.png 1.18944890192 -0.282909246051 0.466886020533
frame000142.png 1.19446746619 -0.285827763264 0.466092872417
frame000143.png 1.19994708 -0.288969854533 0.46519867482
frame000144.png 1.20581973804 -0.292379264813 0.464469290621
frame000145.png 1.21055775495 -0.295126690211 0.463938118721
frame000146.png 1.2163598038 -0.298362534757 0.462904465698
frame000147.png 1.22268130573 -0.301946943482 0.462100585701
frame000148.png 1.22898617984 -0.305556743006 0.461425152499
frame000149.png 1.23358680087 -0.308149055836 0.460643000679
frame000150.png 1.23907528143 -0.311073141778 0.460153190013
frame000151.png 1.24397926932 -0.313859182029 0.459568714691
frame000152.png 1.24871071214 -0.316529945184 0.458882278769
frame000153.png 1.25229628715 -0.318532214748 0.458584651603
frame000154.png 1.25632668593 -0.320650385342 0.458246174324
frame000155.png 1.25993361468 -0.322585362379 0.457786834875
frame000156.png 1.26328007777 -0.324397833727 0.457311022795
frame000157.png 1.26583409367 -0.325789785855 0.457182463802
frame000158.png 1.26867409309 -0.327292477422 0.456958147078
frame000159.png 1.27120979324 -0.328590914646 0.45671200834
frame000160.png 1.27308556913 -0.329606304725 0.456539371499
frame000161.png 1.27505404678 -0.33064230345 0.456273622683
frame000162.png 1.27683985592 -0.331606717262 0.456116251176
frame000163.png 1.27809274564 -0.332259200514 0.456033410453
frame000164.png 1.27942384725 -0.332970305895 0.455920687947
frame000165.png 1.28048102106 -0.3335032368 0.455952609211
frame000166.png 1.28111760039 -0.33385518599 0.455788808618
frame000167.png 1.28172511505 -0.334179123879 0.455729441248
frame000168.png 1.2821499965 -0.334375557201 0.455754229195
frame000169.png 1.28235458339 -0.334468806751 0.455882446143
frame000170.png 1.28227789762 -0.334402396192 0.455849427504
frame000171.png 1.28226017989 -0.334200942192 0.455973613175
frame000172.png 1.28222429022 -0.333852610709 0.456540681935
frame000173.png 1.2821608514 -0.333382434731 0.457109088592
frame000174.png 1.2820586565 -0.332734408558 0.458079973857
frame000175.png 1.28190531711 -0.331874989096 0.459285390875
frame000176.png 1.28169223653 -0.330762094419 0.460753844308
frame000177.png 1.28160603676 -0.329825603007 0.462145235311
frame000178.png 1.28138499604 -0.328519110145 0.463973258125
frame000179.png 1.28111796294 -0.326969516521 0.466091885063
frame000180.png 1.28097132663 -0.325652425607 0.468116758907
frame000181.png 1.28079541118 -0.324054698197 0.470833888275
frame000182.png 1.28045938189 -0.322155991144 0.473599419127
frame000183.png 1.28034084771 -0.320237783125 0.476943075412
frame000184.png 1.28011823918 -0.318164586194 0.480470905157
frame000185.png 1.27996351054 -0.316503075137 0.483584994113
frame000186.png 1.27982733872 -0.314293426774 0.487609352736
frame000187.png 1.27979606952 -0.311970890739 0.492157395683
frame000188.png 1.27976876727 -0.310200632203 0.495881021921
frame000189.png 1.27978012672 -0.307960954783 0.500799741118
frame000190.png 1.27993998665 -0.30565957316 0.506126949565
frame000191.png 1.28014954426 -0.303441282983 0.511600221464
frame000192.png 1.28045622623 -0.301144461407 0.51756238158
frame000193.png 1.2808493723 -0.299367027769 0.522611896451
frame000194.png 1.28145513374 -0.297259153626 0.529098693662
frame000195.png 1.28208005797 -0.29555421468 0.534731323254
frame000196.png 1.28302719241 -0.293515250937 0.542040878095
frame000197.png 1.28414518568 -0.291820211121 0.549267562304
frame000198.png 1.28545162558 -0.290167643524 0.556466468825
frame000199.png 1.28660450118 -0.289024391902 0.562252357681
frame000200.png 1.28819268165 -0.287659049541 0.569308667172
frame000201.png 1.28991637331 -0.286694906873 0.576448364152
frame000202.png 1.29188545566 -0.285758692749 0.583617251879
frame000203.png 1.29350417117 -0.28517604898 0.589035122752
frame000204.png 1.29578668202 -0.284495182679 0.596144650524
frame000205.png 1.29820233062 -0.284067245748 0.603122586845
frame000206.png 1.30019258707 -0.283928883005 0.608564922852
frame000207.png 1.30288840124 -0.283675101514 0.615161033395
frame000208.png 1.30576347221 -0.283698912571 0.621910923452
frame000209.png 1.30882763859 -0.283734856763 0.628502104137
frame000210.png 1.31132760923 -0.284043832183 0.633695479584
frame000211.png 1.31459623334 -0.284369262278 0.6398622501
frame000212.png 1.31810132508 -0.284829930399 0.646192632934
frame000213.png 1.32173383132 -0.285442720245 0.652396022592
frame000214.png 1.32475721931 -0.285907332123 0.657130065377
frame000215.png 1.32856201999 -0.28679892641 0.662817464713
frame000216.png 1.33263389118 -0.287644847864 0.668541833415
frame000217.png 1.33699455259 -0.288690616258 0.674433521428
frame000218.png 1.34034835265 -0.289421533064 0.678525063039
frame000219.png 1.34468975642 -0.290573621472 0.6836509248
frame000220.png 1.34926972596 -0.291807440133 0.688731184764
frame000221.png 1.35317278835 -0.292821213771 0.692961992568
frame000222.png 1.35796812599 -0.294156905073 0.697519199367
frame000223.png 1.36284637964 -0.29537021622 0.702136732231
frame000224.png 1.36792714343 -0.297004733043 0.706603243103
frame000225.png 1.37205117467 -0.298048511381 0.709967297071
frame000226.png 1.3772506155 -0.299616729639 0.713835746586
frame000227.png 1.38251452732 -0.301048189838 0.717644423095
frame000228.png 1.38792130513 -0.302674746943 0.721344804769
frame000229.png 1.39226741869 -0.304005384819 0.724000364911
frame000230.png 1.39788497412 -0.305540959145 0.727227995081
frame000231.png 1.40376638716 -0.307216168605 0.730366320217
frame000232.png 1.40833874812 -0.308418971726 0.732679124084
frame000233.png 1.41397676985 -0.310213993369 0.735176112157
frame000234.png 1.41977414645 -0.311693642291 0.737547575946
frame000235.png 1.4258007875 -0.313409069834 0.739880092015
frame000236.png 1.43054189963 -0.314660402104 0.741425123314
frame000237.png 1.43643898476 -0.316266437884 0.743017462903
frame000238.png 1.44236201547 -0.317909633889 0.744727779608
frame000239.png 1.44857944014 -0.319517251282 0.746067147397
frame000240.png 1.45343077431 -0.320783275731 0.746989553766
frame000241.png 1.45957141915 -0.322297254789 0.747833162853
frame000242.png 1.46557900819 -0.323889275833 0.748527717625
frame000243.png 1.47186106441 -0.325440717638 0.749071006033
frame000244.png 1.47663670757 -0.326563788482 0.749188471186
frame000245.png 1.48280493966 -0.328009493453 0.749238569191
frame000246.png 1.4889841601 -0.32935443568 0.749065779945
frame000247.png 1.49392215807 -0.330572924863 0.748850970887
frame000248.png 1.500063763 -0.331857384587 0.748194138128
frame000249.png 1.50614281771 -0.333159722021 0.747377534747
frame000250.png 1.51219583753 -0.33432840927 0.746254771688
frame000251.png 1.5169552131 -0.335330113645 0.745427269482
frame000252.png 1.52289176069 -0.336505911325 0.743842074212
frame000253.png 1.52879705669 -0.337588786315 0.742111719962
frame000254.png 1.533505575 -0.338470609889 0.740729512539
frame000255.png 1.53928570859 -0.339376681401 0.738612885793
frame000256.png 1.54489875458 -0.340493928016 0.736210576483
frame000257.png 1.55060386865 -0.341257270611 0.733765185472
frame000258.png 1.55482045688 -0.341955342145 0.731662118847
frame000259.png 1.5602107137 -0.342679109009 0.728675570644
frame000260.png 1.5653284583 -0.343479693335 0.725662845352
frame000261.png 1.57046766712 -0.344113591761 0.722329537013
frame000262.png 1.5744249654 -0.344619961423 0.719656491005
frame000263.png 1.57927430185 -0.345205208797 0.715878010372
frame000264.png 1.5840161333 -0.345562785354 0.711983878374
frame000265.png 1.58851206764 -0.346170220171 0.708041779979
frame000266.png 1.59202848122 -0.346345375538 0.704816168856
frame000267.png 1.59625214618 -0.3467063745 0.700311015074
frame000268.png 1.60039823439 -0.346815118434 0.695836397517
frame000269.png 1.60352066191 -0.347001226514 0.692068612395
frame000270.png 1.60711915142 -0.347196136309 0.687442932501
frame000271.png 1.61053168746 -0.347162858117 0.682453234749
frame000272.png 1.6138089907 -0.347134909164 0.677485834309
frame000273.png 1.61624122244 -0.347001311743 0.673587682147
frame000274.png 1.61905273567 -0.347031536656 0.66825779512
frame000275.png 1.621684393 -0.346760778762 0.662812950282
frame000276.png 1.62405820097 -0.346469705713 0.657432494338
frame000277.png 1.62576216525 -0.346193849351 0.653066630786
frame000278.png 1.6276406464 -0.345792614579 0.647348711298
frame000279.png 1.62928697145 -0.345479392309 0.641865814652
frame000280.png 1.63071783774 -0.344859658202 0.636252829364
frame000281.png 1.63164333925 -0.344472656588 0.631626565986
frame000282.png 1.63255797996 -0.343836697987 0.625621626286
frame000283.png 1.63317652009 -0.343270097021 0.61984251885
frame000284.png 1.63351685332 -0.342717552197 0.615183912102
frame000285.png 1.63369381426 -0.341959084669 0.609528313464
frame000286.png 1.63353128497 -0.341212369172 0.60348119013
frame000287.png 1.63328194869 -0.340409951993 0.598978410544
frame000288.png 1.63260765289 -0.33980125788 0.59344793406
frame000289.png 1.63175783031 -0.338777132684 0.587781985061
frame000290.png 1.63056323919 -0.338015420883 0.582215559942
frame000291.png 1.6291676845 -0.33689444534 0.576727056487
frame000292.png 1.62785658097 -0.336154873466 0.572601547474
frame000293.png 1.62588816391 -0.33527780501 0.567061599293
frame000294.png 1.6237134957 -0.334138690633 0.561837200343
frame000295.png 1.62178788963 -0.333349545198 0.557751197739
frame000296.png 1.61918517848 -0.332204908718 0.552834625163
frame000297.png 1.61627844463 -0.331299419745 0.547819332183
frame000298.png 1.61332651674 -0.330222578466 0.543443238162
frame000299.png 1.61093491213 -0.329412847187 0.540123762397
frame000300.png 1.60786106773 -0.328556548242 0.536251329013
frame000301.png 1.60482009027 -0.327541969943 0.532661613843
frame000302.png 1.60164683822 -0.326934069853 0.529354490676
frame000303.png 1.5985472164 -0.326016892941 0.526218272671
frame000304.png 1.59617918023 -0.32537778113 0.524191538917
frame000305.png 1.59315307009 -0.324749872296 0.521464938858
frame000306.png 1.59032270913 -0.324077280855 0.519285235613
frame000307.png 1.58758147522 -0.32350526572 0.517238852705
frame000308.png 1.58542637345 -0.323066528024 0.515638463508
frame000309.png 1.58287889574 -0.322637854878 0.514026179872
frame000310.png 1.58056267246 -0.322116674425 0.51269075218
frame000311.png 1.57872982099 -0.321775259323 0.511583262372
frame000312.png 1.57659907524 -0.321393693876 0.510096699036
frame000313.png 1.57473562484 -0.321043486978 0.50934714686
frame000314.png 1.57327835373 -0.320841485604 0.508438957649
frame000315.png 1.57174679041 -0.320463692995 0.507635307061
frame000316.png 1.57033644662 -0.320333809834 0.50703446288
frame000317.png 1.56941398605 -0.320085672315 0.506568191514
frame000318.png 1.5683748891 -0.319908424455 0.50598821271
frame000319.png 1.56756200338 -0.319799882989 0.505657905184
frame000320.png 1.56709802281 -0.3197174662 0.505468337463
frame000321.png 1.56665780891 -0.319699166296 0.505302667404
frame000322.png 1.56647257677 -0.319631003454 0.505194414313
frame000323.png 1.56645796411 -0.319581215892 0.505150247103
frame000324.png 1.56666261811 -0.318762188605 0.505113387683
frame000325.png 1.56706102764 -0.317384563301 0.505127539105
frame000326.png 1.56763031308 -0.315055154493 0.504822504276
frame000327.png 1.56843167183 -0.311708037996 0.504356625878
frame000328.png 1.5691482084 -0.308781467953 0.504059441774
frame000329.png 1.57033126879 -0.303915414559 0.503578842624
frame000330.png 1.57177307341 -0.297950051064 0.502958976807
frame000331.png 1.57294512574 -0.292911134752 0.502470130177
frame000332.png 1.57458693889 -0.285715621755 0.501646563744
frame000333.png 1.57642507688 -0.277613963 0.500862130894
frame000334.png 1.57835541508 -0.268859521172 0.500056785528
frame000335.png 1.57976572941 -0.26208119465 0.499330344702
frame000336.png 1.58130655782 -0.254582951756 0.498560