1 0.46459999680519104 0.8855206966400146 0.0 0.0 0.0 -5.292001724243164 3.654980182647705 1 Camera.001.jpg

2 0.45853087306022644 0.8748039603233337 0.138543501496315 -0.07261794060468674 1.6323888301849365 -5.024428844451904 3.654980182647705 1 Camera.002.jpg

3 0.4415748417377472 0.8423277139663696 0.2736954689025879 -0.1434798389673233 3.1061246395111084 -4.275086402893066 3.654980182647705 1 Camera.003.jpg

4 0.41369619965553284 0.7891476154327393 0.4020836055278778 -0.21078497171401978 4.27508544921875 -3.106126308441162 3.654980182647705 1 Camera.004.jpg

5 0.37557896971702576 0.7165451049804688 0.520614504814148 -0.2728814482688904 5.024427890777588 -1.63239324092865 3.654980182647705 1 Camera.005.jpg

6 0.3285219073295593 0.6261577606201172 0.6261576414108276 -0.3285216987133026 5.292001247406006 -2.517722350603435e-06 3.654980182647705 1 Camera.006.jpg

7 0.2728816270828247 0.5206149220466614 0.7165446877479553 -0.37557879090309143 5.0244293212890625 1.632386326789856 3.654980182647705 1 Camera.007.jpg

8 0.21078521013259888 0.4020841419696808 0.7891473770141602 -0.4136960506439209 4.275089263916016 3.1061205863952637 3.654980182647705 1 Camera.008.jpg

9 0.1434801071882248 0.27369603514671326 0.8423275351524353 -0.44157472252845764 3.106130361557007 4.275082588195801 3.654980182647705 1 Camera.009.jpg

10 0.07261824607849121 0.13854409754276276 0.8748038411140442 -0.4585306942462921 1.6323961019515991 5.024426460266113 3.654980182647705 1 Camera.010.jpg

11 1.6577882888668682e-07 3.1597207339473243e-07 0.8855206966400146 -0.46459996700286865 3.776589892368065e-06 5.292001247406006 3.654980182647705 1 Camera.011.jpg

12 0.07261794805526733 0.138543501496315 -0.874803900718689 0.45853081345558167 -1.6323891878128052 5.024428367614746 3.654980182647705 1 Camera.012.jpg

13 0.1434798389673233 0.2736954689025879 -0.8423277139663696 0.4415748417377472 -3.1061246395111084 4.275086402893066 3.654980182647705 1 Camera.013.jpg

14 0.2107849270105362 0.40208351612091064 -0.789147675037384 0.41369619965553284 -4.275084972381592 3.1061272621154785 3.654980182647705 1 Camera.014.jpg

15 0.2728814482688904 0.5206145644187927 -0.7165449857711792 0.3755788803100586 -5.024427890777588 1.6323919296264648 3.654980182647705 1 Camera.015.jpg

16 0.3285217583179474 0.6261576414108276 -0.6261577606201172 0.32852181792259216 -5.292001724243164 6.294310992416285e-07 3.654980182647705 1 Camera.016.jpg

17 0.375578910112381 0.716545045375824 -0.5206146240234375 0.27288147807121277 -5.024427890777588 -1.6323907375335693 3.654980182647705 1 Camera.017.jpg

18 0.41369619965553284 0.7891476154327393 -0.4020836651325226 0.21078500151634216 -4.275085926055908 -3.106125593185425 3.654980182647705 1 Camera.018.jpg

19 0.4415747821331024 0.8423277139663696 -0.2736956477165222 0.14347991347312927 -3.106126546859741 -4.27508544921875 3.654980182647705 1 Camera.019.jpg

20 0.45853081345558167 0.8748038411140442 -0.1385437399148941 0.07261805236339569 -1.6323916912078857 -5.024427890777588 3.654980182647705 1 Camera.020.jpg
