frame000001.png 0.9728131481 -0.00487245947111 0.38982271899
frame000002.png 0.972821160343 -0.00486817365146 0.389843523006
frame000003.png 0.972832630551 -0.00484551447893 0.389840386151
frame000004.png 0.972836934061 -0.004879699227 0.389853092741
frame000005.png 0.972822723349 -0.00484270470335 0.389844010201
frame000006.png 0.972822623323 -0.00486567372928 0.389844025333
frame000007.png 0.972822629973 -0.00485932540709 0.389831359179
frame000008.png 0.972811966059 -0.00485075835429 0.38982848533
frame000009.png 0.972811165921 -0.00485792325604 0.389834430986
frame000010.png 0.972815112784 -0.00486522597589 0.389816934419
frame000011.png 0.972794365177 -0.00507733002504 0.38983907175
frame000012.png 0.972783139389 -0.00562084916096 0.389971918372
frame000013.png 0.972900557219 -0.00672366361546 0.390230026073
frame000014.png 0.972989058356 -0.00839638817419 0.390626039444
frame000015.png 0.973027503364 -0.0100253107699 0.390950741387
frame000016.png 0.973093642145 -0.0125605862831 0.391546062956
frame000017.png 0.973193160896 -0.0155400539538 0.392244352307
frame000018.png 0.973206644776 -0.018920151704 0.392986671513
frame000019.png 0.973263970737 -0.0220929174488 0.393736709385
frame000020.png 0.973347022888 -0.0265416412958 0.394752189249
frame000021.png 0.973211212723 -0.0312815604407 0.395845022435
frame000022.png 0.97317722925 -0.0366895019303 0.397116281406
frame000023.png 0.973007098217 -0.0414169602309 0.398243535734
frame000024.png 0.972748257093 -0.047726193355 0.3997273948
frame000025.png 0.972476602368 -0.0544301960503 0.401349837457
frame000026.png 0.972029137032 -0.061769174047 0.403131855982
frame000027.png 0.97147274388 -0.0679810678872 0.404661803873
frame000028.png 0.970710127238 -0.0754816502346 0.406499543972
frame000029.png 0.970045686795 -0.0824137050817 0.408251329318
frame000030.png 0.969508164591 -0.0877309686359 0.409616004792
frame000031.png 0.96865215907 -0.0938960032988 0.411203337476
frame000032.png 0.96776534517 -0.0994045955323 0.412583868015
frame000033.png 0.967021332496 -0.104496562132 0.413963168
frame000034.png 0.966431237302 -0.108246497389 0.414961878899
frame000035.png 0.965757388273 -0.112459818314 0.416052488321
frame000036.png 0.965168166803 -0.116158901932 0.417038929193
frame000037.png 0.964509603927 -0.119331967216 0.417868416484
frame000038.png 0.964050896898 -0.121522658186 0.418473948637
frame000039.png 0.963573656094 -0.124081126981 0.419177374803
frame000040.png 0.963280030877 -0.125533638196 0.419574822653
frame000041.png 0.963036105187 -0.126928139132 0.419937241185
frame000042.png 0.962820402562 -0.127811042257 0.420170081778
frame000043.png 0.962764874744 -0.128140456444 0.420285554734
frame000044.png 0.962811354144 -0.128226397165 0.42030679902
frame000045.png 0.963092516133 -0.128602378157 0.420451944253
frame000046.png 0.963396128508 -0.129119518245 0.420623955147
frame000047.png 0.9638425004 -0.129860799897 0.420883690338
frame000048.png 0.96453634633 -0.130923147497 0.421300488702
frame000049.png 0.965243403533 -0.131946670352 0.421676222667
frame000050.png 0.966173850021 -0.13349871371 0.422188155395
frame000051.png 0.967312585121 -0.135226237392 0.422844865527
frame000052.png 0.968594918424 -0.137351365904 0.423658354095
frame000053.png 0.969841720561 -0.13932110937 0.424399788763
frame000054.png 0.971426024723 -0.141929410738 0.425422401114
frame000055.png 0.973133933428 -0.144817544008 0.426581286179
frame000056.png 0.975001848094 -0.14793240109 0.427874250821
frame000057.png 0.976596869687 -0.150745737719 0.429051851255
frame000058.png 0.978779634238 -0.154535187425 0.43067942319
frame000059.png 0.980937885796 -0.158388902685 0.432443375015
frame000060.png 0.983255704856 -0.162727870447 0.434438293243
frame000061.png 0.985174587031 -0.1664523141 0.436152020265
frame000062.png 0.987660836185 -0.17118561453 0.438502279305
frame000063.png 0.990117433596 -0.176261889055 0.441035271742
frame000064.png 0.992523145692 -0.18139508581 0.443656425946
frame000065.png 0.99446525722 -0.185483298842 0.445867202205
frame000066.png 0.996477797334 -0.190068500683 0.448332730995
frame000067.png 0.998390284567 -0.194338475176 0.450753290676
frame000068.png 0.999755598321 -0.197622376124 0.452659297977
frame000069.png 1.00132228733 -0.201452668247 0.454834572211
frame000070.png 1.0027449424 -0.204968806949 0.456929564455
frame000071.png 1.00378137745 -0.207635113514 0.458503161215
frame000072.png 1.00492970159 -0.210701776566 0.460330835236
frame000073.png 1.00590750854 -0.213287964253 0.461970245683
frame000074.png 1.00679041711 -0.215716448549 0.463477923514
frame000075.png 1.00741328424 -0.217446645033 0.464557537281
frame000076.png 1.00809050882 -0.219341375649 0.46575808243
frame000077.png 1.00860102958 -0.220933593378 0.466730940481
frame000078.png 1.00903244942 -0.22198419167 0.467451021079
frame000079.png 1.00929774516 -0.222896129923 0.468065420807
frame000080.png 1.00961496256 -0.223657384723 0.468572447472
frame000081.png 1.00974174854 -0.224078884757 0.468816558841
frame000082.png 1.00971044812 -0.224153603738 0.468862180878
frame000083.png 1.00990618635 -0.224309536326 0.468875743445
frame000084.png 1.01038842813 -0.224572099106 0.468855412108
frame000085.png 1.01102482339 -0.224778901543 0.46880334416
frame000086.png 1.0121682585 -0.225171775218 0.468777141729
frame000087.png 1.01358795416 -0.225670033644 0.468647642636
frame000088.png 1.01539608149 -0.226353028768 0.468610413836
frame000089.png 1.01704786933 -0.226928051666 0.468415192679
frame000090.png 1.01945397409 -0.227770949167 0.468337093442
frame000091.png 1.0222212793 -0.228794609088 0.468112564558
frame000092.png 1.02536839599 -0.229886665926 0.468051693895
frame000093.png 1.02809261923 -0.230773781474 0.467879244621
frame000094.png 1.03184002304 -0.232044307816 0.46775735384
frame000095.png 1.03592881368 -0.233455359924 0.467700118481
frame000096.png 1.03945402122 -0.23466727903 0.467638730318
frame000097.png 1.04406591919 -0.236128598868 0.467516692539
frame000098.png 1.04891346905 -0.237618115196 0.467361456435
frame000099.png 1.05326308809 -0.238901572671 0.467343866972
frame000100.png 1.05916385018 -0.240722498211 0.467385248419
frame000101.png 1.06513437024 -0.242314450079 0.467379596768
frame000102.png 1.07118895419 -0.244023801375 0.467386577602
frame000103.png 1.07664738332 -0.245395816632 0.467556438901
frame000104.png 1.08341973651 -0.247186827238 0.4678850843
frame000105.png 1.09001828773 -0.248763896814 0.468052484167
frame000106.png 1.09496170404 -0.249879919916 0.468219536436
frame000107.png 1.10103371328 -0.251222727436 0.46860526215
frame000108.png 1.10659926314 -0.252418654253 0.468980121916
frame000109.png 1.11072759825 -0.253217450372 0.469254730825
frame000110.png 1.11584650975 -0.25424134803 0.46964552587
frame000111.png 1.12050133679 -0.255017586336 0.470012681017
frame000112.png 1.12397254882 -0.255673855116 0.47034332829
frame000113.png 1.12791101054 -0.256218361358 0.47071881329
frame000114.png 1.13158772532 -0.256913515288 0.471110064085
frame000115.png 1.13427851086 -0.257304835944 0.471456113325
frame000116.png 1.13725720036 -0.257733680561 0.471678427849
frame000117.png 1.13992627793 -0.258082356696 0.471973489059
frame000118.png 1.14179107458 -0.258425769521 0.472212665021
frame000119.png 1.14395928488 -0.258630632175 0.47249579081
frame000120.png 1.1456582463 -0.258950042386 0.472677332729
frame000121.png 1.14682634672 -0.259078610389 0.472900404199
frame000122.png 1.1480039707 -0.259167136207 0.472992800392
frame000123.png 1.14886975286 -0.259345955419 0.473112445978
frame000124.png 1.14932921697 -0.259363163789 0.473193663702
frame000125.png 1.14948430817 -0.259343860057 0.473247196114
frame000126.png 1.14962554046 -0.25941904792 0.473176385962
frame000127.png 1.15018391521 -0.259765180568 0.473136100618
frame000128.png 1.15078103362 -0.260096577522 0.473036008615
frame000129.png 1.15191802197 -0.260773391431 0.472802921794
frame000130.png 1.15317984362 -0.26154848737 0.472566976932
frame000131.png 1.15512489037 -0.262738121179 0.472387143549
frame000132.png 1.15726151838 -0.263950414692 0.471842162989
frame000133.png 1.15983342561 -0.2654882074 0.471467133395
frame000134.png 1.16217906669 -0.266869984797 0.471079402195
frame000135.png 1.16536509721 -0.268785041734 0.470541492465
frame000136.png 1.16884539915 -0.270854715598 0.470063903075
frame000137.png 1.17275462159 -0.273154420732 0.469495064743
frame000138.png 1.17611731701 -0.275076152023 0.468940460404
frame000139.png 1.18052644503 -0.277723146415 0.468149754963
frame000140.png 1.18533486182 -0.280502171351 0.46738421768
frame000141.png 1.18944890192 -0.282909246051 0.466886020533
frame000142.png 1.19446746619 -0.285827763264 0.466092872417
frame000143.png 1.19994708 -0.288969854533 0.46519867482
frame000144.png 1.20581973804 -0.292379264813 0.464469290621
frame000145.png 1.21055775495 -0.295126690211 0.463938118721
frame000146.png 1.2163598038 -0.298362534757 0.462904465698
frame000147.png 1.22268130573 -0.301946943482 0.462100585701
frame000148.png 1.22898617984 -0.305556743006 0.461425152499
frame000149.png 1.23358680087 -0.308149055836 0.460643000679
frame000150.png 1.23907528143 -0.311073141778 0.460153190013
frame000151.png 1.24397926932 -0.313859182029 0.459568714691
frame000152.png 1.24871071214 -0.316529945184 0.458882278769
frame000153.png 1.25229628715 -0.318532214748 0.458584651603
frame000154.png 1.25632668593 -0.320650385342 0.458246174324
frame000155.png 1.25993361468 -0.322585362379 0.457786834875
frame000156.png 1.26328007777 -0.324397833727 0.457311022795
frame000157.png 1.26583409367 -0.325789785855 0.457182463802
frame000158.png 1.26867409309 -0.327292477422 0.456958147078
frame000159.png 1.27120979324 -0.328590914646 0.45671200834
frame000160.png 1.27308556913 -0.329606304725 0.456539371499
frame000161.png 1.27505404678 -0.33064230345 0.456273622683
frame000162.png 1.27683985592 -0.331606717262 0.456116251176
frame000163.png 1.27809274564 -0.332259200514 0.456033410453
frame000164.png 1.27942384725 -0.332970305895 0.455920687947
frame000165.png 1.28048102106 -0.3335032368 0.455952609211
frame000166.png 1.28111760039 -0.33385518599 0.455788808618
frame000167.png 1.28172511505 -0.334179123879 0.455729441248
frame000168.png 1.2821499965 -0.334375557201 0.455754229195
frame000169.png 1.28235458339 -0.334468806751 0.455882446143
frame000170.png 1.28227789762 -0.334402396192 0.455849427504
frame000171.png 1.28226017989 -0.334200942192 0.455973613175
frame000172.png 1.28222429022 -0.333852610709 0.456540681935
frame000173.png 1.2821608514 -0.333382434731 0.457109088592
frame000174.png 1.2820586565 -0.332734408558 0.458079973857
frame000175.png 1.28190531711 -0.331874989096 0.459285390875
frame000176.png 1.28169223653 -0.330762094419 0.460753844308
frame000177.png 1.28160603676 -0.329825603007 0.462145235311
frame000178.png 1.28138499604 -0.328519110145 0.463973258125
frame000179.png 1.28111796294 -0.326969516521 0.466091885063
frame000180.png 1.28097132663 -0.325652425607 0.468116758907
frame000181.png 1.28079541118 -0.324054698197 0.470833888275
frame000182.png 1.28045938189 -0.322155991144 0.473599419127
frame000183.png 1.28034084771 -0.320237783125 0.476943075412
frame000184.png 1.28011823918 -0.318164586194 0.480470905157
frame000185.png 1.27996351054 -0.316503075137 0.483584994113
frame000186.png 1.27982733872 -0.314293426774 0.487609352736
frame000187.png 1.27979606952 -0.311970890739 0.492157395683
frame000188.png 1.27976876727 -0.310200632203 0.495881021921
frame000189.png 1.27978012672 -0.307960954783 0.500799741118
frame000190.png 1.27993998665 -0.30565957316 0.506126949565
frame000191.png 1.28014954426 -0.303441282983 0.511600221464
frame000192.png 1.28045622623 -0.301144461407 0.51756238158
frame000193.png 1.2808493723 -0.299367027769 0.522611896451
frame000194.png 1.28145513374 -0.297259153626 0.529098693662
frame000195.png 1.28208005797 -0.29555421468 0.534731323254
frame000196.png 1.28302719241 -0.293515250937 0.542040878095
frame000197.png 1.28414518568 -0.291820211121 0.549267562304
frame000198.png 1.28545162558 -0.290167643524 0.556466468825
frame000199.png 1.28660450118 -0.289024391902 0.562252357681
frame000200.png 1.28819268165 -0.287659049541 0.569308667172
frame000201.png 1.28991637331 -0.286694906873 0.576448364152
frame000202.png 1.29188545566 -0.285758692749 0.583617251879
frame000203.png 1.29350417117 -0.28517604898 0.589035122752
frame000204.png 1.29578668202 -0.284495182679 0.596144650524
frame000205.png 1.29820233062 -0.284067245748 0.603122586845
frame000206.png 1.30019258707 -0.283928883005 0.608564922852
frame000207.png 1.30288840124 -0.283675101514 0.615161033395
frame000208.png 1.30576347221 -0.283698912571 0.621910923452
frame000209.png 1.30882763859 -0.283734856763 0.628502104137
frame000210.png 1.31132760923 -0.284043832183 0.633695479584
frame000211.png 1.31459623334 -0.284369262278 0.6398622501
frame000212.png 1.31810132508 -0.284829930399 0.646192632934
frame000213.png 1.32173383132 -0.285442720245 0.652396022592
frame000214.png 1.32475721931 -0.285907332123 0.657130065377
frame000215.png 1.32856201999 -0.28679892641 0.662817464713
frame000216.png 1.33263389118 -0.287644847864 0.668541833415
frame000217.png 1.33699455259 -0.288690616258 0.674433521428
frame000218.png 1.34034835265 -0.289421533064 0.678525063039
frame000219.png 1.34468975642 -0.290573621472 0.6836509248
frame000220.png 1.34926972596 -0.291807440133 0.688731184764
frame000221.png 1.35317278835 -0.292821213771 0.692961992568
frame000222.png 1.35796812599 -0.294156905073 0.697519199367
frame000223.png 1.36284637964 -0.29537021622 0.702136732231
frame000224.png 1.36792714343 -0.297004733043 0.706603243103
frame000225.png 1.37205117467 -0.298048511381 0.709967297071
frame000226.png 1.3772506155 -0.299616729639 0.713835746586
frame000227.png 1.38251452732 -0.301048189838 0.717644423095
frame000228.png 1.38792130513 -0.302674746943 0.721344804769
frame000229.png 1.39226741869 -0.304005384819 0.724000364911
frame000230.png 1.39788497412 -0.305540959145 0.727227995081
frame000231.png 1.40376638716 -0.307216168605 0.730366320217
frame000232.png 1.40833874812 -0.308418971726 0.732679124084
frame000233.png 1.41397676985 -0.310213993369 0.735176112157
frame000234.png 1.41977414645 -0.311693642291 0.737547575946
frame000235.png 1.4258007875 -0.313409069834 0.739880092015
frame000236.png 1.43054189963 -0.314660402104 0.741425123314
frame000237.png 1.43643898476 -0.316266437884 0.743017462903
frame000238.png 1.44236201547 -0.317909633889 0.744727779608
frame000239.png 1.44857944014 -0.319517251282 0.746067147397
frame000240.png 1.45343077431 -0.320783275731 0.746989553766
frame000241.png 1.45957141915 -0.322297254789 0.747833162853
frame000242.png 1.46557900819 -0.323889275833 0.748527717625
frame000243.png 1.47186106441 -0.325440717638 0.749071006033
frame000244.png 1.47663670757 -0.326563788482 0.749188471186
frame000245.png 1.48280493966 -0.328009493453 0.749238569191
frame000246.png 1.4889841601 -0.32935443568 0.749065779945
frame000247.png 1.49392215807 -0.330572924863 0.748850970887
frame000248.png 1.500063763 -0.331857384587 0.748194138128
frame000249.png 1.50614281771 -0.333159722021 0.747377534747
frame000250.png 1.51219583753 -0.33432840927 0.746254771688
frame000251.png 1.5169552131 -0.335330113645 0.745427269482
frame000252.png 1.52289176069 -0.336505911325 0.743842074212
frame000253.png 1.52879705669 -0.337588786315 0.742111719962
frame000254.png 1.533505575 -0.338470609889 0.740729512539
frame000255.png 1.53928570859 -0.339376681401 0.738612885793
frame000256.png 1.54489875458 -0.340493928016 0.736210576483
frame000257.png 1.55060386865 -0.341257270611 0.733765185472
frame000258.png 1.55482045688 -0.341955342145 0.731662118847
frame000259.png 1.5602107137 -0.342679109009 0.728675570644
frame000260.png 1.5653284583 -0.343479693335 0.725662845352
frame000261.png 1.57046766712 -0.344113591761 0.722329537013
frame000262.png 1.5744249654 -0.344619961423 0.719656491005
frame000263.png 1.57927430185 -0.345205208797 0.715878010372
frame000264.png 1.5840161333 -0.345562785354 0.711983878374
frame000265.png 1.58851206764 -0.346170220171 0.708041779979
frame000266.png 1.59202848122 -0.346345375538 0.704816168856
frame000267.png 1.59625214618 -0.3467063745 0.700311015074
frame000268.png 1.60039823439 -0.346815118434 0.695836397517
frame000269.png 1.60352066191 -0.347001226514 0.692068612395
frame000270.png 1.60711915142 -0.347196136309 0.687442932501
frame000271.png 1.61053168746 -0.347162858117 0.682453234749
frame000272.png 1.6138089907 -0.347134909164 0.677485834309
frame000273.png 1.61624122244 -0.347001311743 0.673587682147
frame000274.png 1.61905273567 -0.347031536656 0.66825779512
frame000275.png 1.621684393 -0.346760778762 0.662812950282
frame000276.png 1.62405820097 -0.346469705713 0.657432494338
frame000277.png 1.62576216525 -0.346193849351 0.653066630786
frame000278.png 1.6276406464 -0.345792614579 0.647348711298
frame000279.png 1.62928697145 -0.345479392309 0.641865814652
frame000280.png 1.63071783774 -0.344859658202 0.636252829364
frame000281.png 1.63164333925 -0.344472656588 0.631626565986
frame000282.png 1.63255797996 -0.343836697987 0.625621626286
frame000283.png 1.63317652009 -0.343270097021 0.61984251885
frame000284.png 1.63351685332 -0.342717552197 0.615183912102
frame000285.png 1.63369381426 -0.341959084669 0.609528313464
frame000286.png 1.63353128497 -0.341212369172 0.60348119013
frame000287.png 1.63328194869 -0.340409951993 0.598978410544
frame000288.png 1.63260765289 -0.33980125788 0.59344793406
frame000289.png 1.63175783031 -0.338777132684 0.587781985061
frame000290.png 1.63056323919 -0.338015420883 0.582215559942
frame000291.png 1.6291676845 -0.33689444534 0.576727056487
frame000292.png 1.62785658097 -0.336154873466 0.572601547474
frame000293.png 1.62588816391 -0.33527780501 0.567061599293
frame000294.png 1.6237134957 -0.334138690633 0.561837200343
frame000295.png 1.62178788963 -0.333349545198 0.557751197739
frame000296.png 1.61918517848 -0.332204908718 0.552834625163
frame000297.png 1.61627844463 -0.331299419745 0.547819332183
frame000298.png 1.61332651674 -0.330222578466 0.543443238162
frame000299.png 1.61093491213 -0.329412847187 0.540123762397
frame000300.png 1.60786106773 -0.328556548242 0.536251329013
frame000301.png 1.60482009027 -0.327541969943 0.532661613843
frame000302.png 1.60164683822 -0.326934069853 0.529354490676
frame000303.png 1.5985472164 -0.326016892941 0.526218272671
frame000304.png 1.59617918023 -0.32537778113 0.524191538917
frame000305.png 1.59315307009 -0.324749872296 0.521464938858
frame000306.png 1.59032270913 -0.324077280855 0.519285235613
frame000307.png 1.58758147522 -0.32350526572 0.517238852705
frame000308.png 1.58542637345 -0.323066528024 0.515638463508
frame000309.png 1.58287889574 -0.322637854878 0.514026179872
frame000310.png 1.58056267246 -0.322116674425 0.51269075218
frame000311.png 1.57872982099 -0.321775259323 0.511583262372
frame000312.png 1.57659907524 -0.321393693876 0.510096699036
frame000313.png 1.57473562484 -0.321043486978 0.50934714686
frame000314.png 1.57327835373 -0.320841485604 0.508438957649
frame000315.png 1.57174679041 -0.320463692995 0.507635307061
frame000316.png 1.57033644662 -0.320333809834 0.50703446288
frame000317.png 1.56941398605 -0.320085672315 0.506568191514
frame000318.png 1.5683748891 -0.319908424455 0.50598821271
frame000319.png 1.56756200338 -0.319799882989 0.505657905184
frame000320.png 1.56709802281 -0.3197174662 0.505468337463
frame000321.png 1.56665780891 -0.319699166296 0.505302667404
frame000322.png 1.56647257677 -0.319631003454 0.505194414313
frame000323.png 1.56645796411 -0.319581215892 0.505150247103
frame000324.png 1.56666261811 -0.318762188605 0.505113387683
frame000325.png 1.56706102764 -0.317384563301 0.505127539105
frame000326.png 1.56763031308 -0.315055154493 0.504822504276
frame000327.png 1.56843167183 -0.311708037996 0.504356625878
frame000328.png 1.5691482084 -0.308781467953 0.504059441774
frame000329.png 1.57033126879 -0.303915414559 0.503578842624
frame000330.png 1.57177307341 -0.297950051064 0.502958976807
frame000331.png 1.57294512574 -0.292911134752 0.502470130177
frame000332.png 1.57458693889 -0.285715621755 0.501646563744
frame000333.png 1.57642507688 -0.277613963 0.500862130894
frame000334.png 1.57835541508 -0.268859521172 0.500056785528
frame000335.png 1.57976572941 -0.26208119465 0.499330344702
frame000336.png 1.58130655782 -0.254582951756 0.498560443406
frame000337.png 1.58272627879 -0.247783301939 0.498014600191
frame000338.png 1.58366378521 -0.243106886909 0.497608550835
frame000339.png 1.58465572314 -0.237738315681 0.496936440475
frame000340.png 1.58547508348 -0.233493830619 0.496594507911
frame000341.png 1.58616763538 -0.229722445074 0.496158981674
frame000342.png 1.58659262695 -0.227467913492 0.495946382566
frame000343.png 1.58696397585 -0.225452336793 0.495769499829
frame000344.png 1.58715185935 -0.224367628333 0.495635135669
frame000345.png 1.58715552453 -0.224286116929 0.495580722392
frame000346.png 1.58721794709 -0.223970330134 0.495640909378
frame000347.png 1.58752583226 -0.223019522121 0.496153019025
frame000348.png 1.58808430077 -0.221721540421 0.497426161336
frame000349.png 1.58879652777 -0.219942612786 0.499006685848
frame000350.png 1.58951139374 -0.218055866421 0.500606988336
frame000351.png 1.59060879063 -0.215371381607 0.503221869507
frame000352.png 1.59190196785 -0.211882842711 0.506201973876
frame000353.png 1.59334143033 -0.208017786767 0.50964689413
frame000354.png 1.59460765713 -0.204529612594 0.512707699366
frame000355.png 1.5964014899 -0.199464395741 0.517105474729
frame000356.png 1.59826997072 -0.193959990069 0.521959770806
frame000357.png 1.59982281264 -0.189309685708 0.5260789042
frame000358.png 1.60185983486 -0.182941564939 0.531678163982
frame000359.png 1.6038216451 -0.176624303126 0.5373551436
frame000360.png 1.60554569339 -0.170738298302 0.542521678668
frame000361.png 1.60673468767 -0.166476400862 0.546180557674
frame000362.png 1.60806640994 -0.16171812077 0.550478572156
frame000363.png 1.60922420137 -0.157403896099 0.554394433698
frame000364.png 1.6100307387 -0.154324712351 0.557157754683
frame000365.png 1.61083298308 -0.151232474274 0.560044993176
frame000366.png 1.6115121679 -0.148302741012 0.562441393611
frame000367.png 1.61203461345 -0.14627253828 0.564477321386
frame000368.png 1.61237079039 -0.144825456009 0.565684524668
frame000369.png 1.61265221095 -0.143707229094 0.566753954007
frame000370.png 1.61274162419 -0.143292210212 0.567166845706
frame000371.png 1.61275357891 -0.143097763448 0.567165469532
frame000372.png 1.61288651547 -0.142387599517 0.56743762353
frame000373.png 1.61309246658 -0.14102246397 0.56771979483
frame000374.png 1.61342949134 -0.138753972002 0.568185019837
frame000375.png 1.61377264323 -0.136413451244 0.568687751099
frame000376.png 1.61422265731 -0.132920315545 0.569153896475
frame000377.png 1.61481696284 -0.128576738131 0.569972590661
frame000378.png 1.6154737536 -0.12349769345 0.570851517038
frame000379.png 1.61607463002 -0.11888346582 0.57178890743
frame000380.png 1.61690100644 -0.112326379924 0.573119914337
frame000381.png 1.61778120426 -0.104818949185 0.57450917584
frame000382.png 1.61875052175 -0.0962740628674 0.576268997717
frame000383.png 1.6195114865 -0.0892733358001 0.577714762943
frame000384.png 1.62035363236 -0.0805491283481 0.579330983128
frame000385.png 1.62114788601 -0.0724771109632 0.581127992036
frame000386.png 1.62172468856 -0.0655242355268 0.582466846913
frame000387.png 1.62214256951 -0.0606812742949 0.583555467937
frame000388.png 1.62260917786 -0.0551513556272 0.584946668797
frame000389.png 1.62297544195 -0.0501722589494 0.585964508192
frame000390.png 1.6232634158 -0.0460360256112 0.586837722494
frame000391.png 1.62342988422 -0.0433774891372 0.587374650573
frame000392.png 1.62359263448 -0.0407549904997 0.587905775633
frame000393.png 1.62373095871 -0.0389024045236 0.588389970257
frame000394.png 1.62379106287 -0.038033484969 0.588632701877
frame000395.png 1.62380681068 -0.0379759334471 0.588719437364
frame000396.png 1.62380755494 -0.0377221714544 0.58872047275
frame000397.png 1.62382837662 -0.0368389665837 0.588780976097
frame000398.png 1.62383953984 -0.0360119083602 0.588882303658
frame000399.png 1.62383071149 -0.0345873115073 0.588946963561
frame000400.png 1.62382897162 -0.0329807537508 0.589126356004
frame000401.png 1.62383799794 -0.0311936394879 0.58922231107
frame000402.png 1.62381930532 -0.0286768508508 0.589345632317
frame000403.png 1.62377894709 -0.0258889634328 0.589434088551
frame000404.png 1.62378391051 -0.0225509334828 0.589768046559
frame000405.png 1.62375522056 -0.0195634060398 0.589936472656
frame000406.png 1.62372784729 -0.0155293521682 0.590167737358
frame000407.png 1.62366415649 -0.0111293776347 0.590441973553
frame000408.png 1.62360582286 -0.00617460400514 0.590744517061
frame000409.png 1.62354647702 -0.00222246668658 0.590978606786
frame000410.png 1.62343740741 0.00325025215022 0.591288413945
frame000411.png 1.62333747135 0.0091838918091 0.591714129199
frame000412.png 1.62319788862 0.0150590152561 0.591941159465
frame000413.png 1.62309618925 0.0192618654697 0.592244057491
frame000414.png 1.62296354035 0.0243288504317 0.59253377414
frame000415.png 1.622857748 0.0289949110968 0.592909438615
frame000416.png 1.6227248614 0.0332517103562 0.593190149011
frame000417.png 1.62264074839 0.0362003017915 0.593394466428
frame000418.png 1.62252671138 0.0397823739199 0.59367087861
frame000419.png 1.62243540093 0.0427330692927 0.593886589314
frame000420.png 1.62233112056 0.0454448222213 0.594046123967
frame000421.png 1.6222708753 0.0474058684809 0.594251286068
frame000422.png 1.62221839505 0.049268538964 0.594423514114
frame000423.png 1.62215045102 0.0508473327609 0.594448062458
frame000424.png 1.62211602067 0.0518159248615 0.594547100461
frame000425.png 1.62208559984 0.0525636175498 0.594554900526
frame000426.png 1.6220792087 0.0529049438124 0.59465516115
frame000427.png 1.62208034921 0.0530205762529 0.594672767417
frame000428.png 1.62204791898 0.053324592481 0.594584821639
frame000429.png 1.62200383998 0.0540386244126 0.594514853578
frame000430.png 1.621931656 0.055201721403 0.594380805123
frame000431.png 1.62186625764 0.056383033501 0.594309430445
frame000432.png 1.62174583341 0.0580517751736 0.594063060149
frame000433.png 1.62161429229 0.0601395429427 0.593896547316
frame000434.png 1.6214857063 0.0621783624538 0.593738385493
frame000435.png 1.62129023075 0.0649733723468 0.59341401354
frame000436.png 1.62107528308 0.0680253819117 0.593086117716
frame000437.png 1.62081999033 0.0715124900081 0.592660785878
frame000438.png 1.62059449139 0.074540810456 0.592348218122
frame000439.png 1.6202869905 0.0789342250457 0.591980134671
frame000440.png 1.61994079687 0.083514631865 0.591512997534
frame000441.png 1.61956409046 0.0885116704657 0.591108381732
frame000442.png 1.61924005882 0.0927343189414 0.590735885599
frame000443.png 1.61876466083 0.0986421417712 0.59025429118
frame000444.png 1.61824636007 0.10457694367 0.589626451235
frame000445.png 1.61788918627 0.109070963077 0.589402379847
frame000446.png 1.61741005427 0.114495388666 0.588931409835
frame000447.png 1.61699033105 0.119637165059 0.588755759933
frame000448.png 1.61654025871 0.124379181062 0.588345958552
frame000449.png 1.61619463904 0.127917706094 0.588036855471
frame000450.png 1.61582981934 0.131816271509 0.587762729794
frame000451.png 1.61548362985 0.135511066891 0.587554857087
frame000452.png 1.61515603279 0.138868889212 0.587363322606
frame000453.png 1.614949906 0.141074485457 0.587295381465
frame000454.png 1.614692744 0.143675915129 0.587115758117
frame000455.png 1.61446963077 0.145966662702 0.587032528691
frame000456.png 1.61427449777 0.147880396234 0.586946498666
frame000457.png 1.61415317537 0.149027558262 0.586870960959
frame000458.png 1.61403955677 0.150243423945 0.586821759774
frame000459.png 1.61396975697 0.150974652157 0.586811432421
frame000460.png 1.61393213961 0.1512874624 0.586760640673
frame000461.png 1.61390651932 0.151427149051 0.586714196971
frame000462.png 1.61384113802 0.151712630023 0.586588040137
frame000463.png 1.61371098336 0.152379050188 0.586343269064
frame000464.png 1.61352086303 0.153308162844 0.586065991753
frame000465.png 1.61329462865 0.154455674795 0.585634304653
frame000466.png 1.61305334895 0.155638021361 0.585215994264
frame000467.png 1.61266868414 0.157470616844 0.584552198526
frame000468.png 1.6122334906 0.159472543589 0.583771964743
frame000469.png 1.61169139015 0.161993183255 0.582821290545
frame000470.png 1.61118800518 0.164347191142 0.581961890916
frame000471.png 1.61045696986 0.167587947473 0.580688416073
frame000472.png 1.60984930158 0.17032832233 0.579662659192
frame000473.png 1.60904251001 0.173964717686 0.578380662772
frame000474.png 1.60805150064 0.178241142311 0.576778356477
frame000475.png 1.60703944276 0.182589395534 0.575159148251
frame000476.png 1.60616944682 0.186282820624 0.573817712987
frame000477.png 1.60492760919 0.19140668495 0.571916970561
frame000478.png 1.60363847001 0.19661296385 0.569971171547
frame000479.png 1.60228203291 0.202045239528 0.568041354899
frame000480.png 1.60105354695 0.206843773354 0.566301220838
frame000481.png 1.59939956131 0.213259499158 0.564060304633
frame000482.png 1.59766592066 0.21975973172 0.561705467126
frame000483.png 1.5964356783 0.224343809906 0.56021597047
frame000484.png 1.59488068679 0.229903526799 0.558172536998
frame000485.png 1.59342750893 0.23508838167 0.556338529326
frame000486.png 1.59231378966 0.238974503238 0.554949765511
frame000487.png 1.59092992244 0.243756846964 0.553257817123
frame000488.png 1.58961640539 0.248222813455 0.551671472625
frame000489.png 1.58848353014 0.252034751321 0.550359463103
frame000490.png 1.58762399576 0.25486314196 0.549308481434
frame000491.png 1.58661563417 0.258206751505 0.548157783389
frame000492.png 1.58564591705 0.26134975838 0.547053420322
frame000493.png 1.58484827509 0.263879634745 0.546097567808
frame000494.png 1.58409420658 0.266325794767 0.545296788913
frame000495.png 1.58355305378 0.26800053322 0.544636786559
frame000496.png 1.58302439302 0.269760757312 0.544134387811
frame000497.png 1.5825049866 0.271344098924 0.543503019314
frame000498.png 1.58224383047 0.272195603358 0.54326708222
frame000499.png 1.58197637447 0.273025797123 0.542963280643
frame000500.png 1.58183685642 0.273471210994 0.542825939908
frame000501.png 1.58177477701 0.273666507823 0.542773387313
frame000502.png 1.58175356788 0.273748498634 0.542714461257
frame000503.png 1.58170565949 0.273977653118 0.542633388545
frame000504.png 1.5816561468 0.274253259963 0.542494085657
frame000505.png 1.58162327909 0.274547547068 0.542344714271
frame000506.png 1.58158294746 0.274937312483 0.542256133936
frame000507.png 1.581512204 0.27548844048 0.541999636685
frame000508.png 1.58144074384 0.276112464539 0.541726034362
frame000509.png 1.58136093362 0.276871530467 0.541400755739
frame000510.png 1.58127723983 0.277614435753 0.541100546346
frame000511.png 1.58119129447 0.278563784633 0.540754418686
frame000512.png 1.5811168464 0.279653161263 0.540483121836
frame000513.png 1.58102749362 0.280598383147 0.54007599278
frame000514.png 1.58093994422 0.28188067223 0.539578646958
frame000515.png 1.58083089402 0.283307367799 0.53903229296
frame000516.png 1.5807427015 0.284484289422 0.538537656062
frame000517.png 1.58065417912 0.286100864496 0.537914861466
frame000518.png 1.58056828291 0.287901383898 0.537334789102
frame000519.png 1.58052733938 0.28926067477 0.536796819656
frame000520.png 1.58048784982 0.291126158555 0.536173994864
frame000521.png 1.58043070846 0.293193117358 0.535419432493
frame000522.png 1.58040474107 0.295295456837 0.534703877791
frame000523.png 1.58040345493 0.297049524267 0.534056889562
frame000524.png 1.5804400178 0.299385354284 0.533266852328
frame000525.png 1.58050506291 0.301781455808 0.532441135611
frame000526.png 1.58058487419 0.304318698878 0.531683989652
frame000527.png 1.58069246304 0.306409629975 0.531020060166
frame000528.png 1.58087021425 0.309043344212 0.530150780143
frame000529.png 1.58108507833 0.311579550785 0.529334821635
frame000530.png 1.58125521385 0.313768688865 0.528727078172
frame000531.png 1.58151754492 0.316410177699 0.527884421463
frame000532.png 1.58181946784 0.318921582423 0.527089974427
frame000533.png 1.58211780241 0.321665120927 0.526358130097
frame000534.png 1.58241214683 0.323661062177 0.525782033327
frame000535.png 1.58284881522 0.326156552113 0.525094876622
frame000536.png 1.58325446026 0.328866887132 0.524413910345
frame000537.png 1.58363706088 0.330791126254 0.523915310129
frame000538.png 1.58409666484 0.333332099399 0.523228908115
frame000539.png 1.58457300236 0.33586744525 0.522648643486
frame000540.png 1.58512124952 0.338274772118 0.52204923291
frame000541.png 1.58558706998 0.340114477006 0.521576271933
frame000542.png 1.58619118769 0.342566920203 0.521021436282
frame000543.png 1.58679512908 0.345026134765 0.520519391856
frame000544.png 1.58740932101 0.347390122755 0.520053614356
frame000545.png 1.58792072488 0.349140030961 0.519639336194
frame000546.png 1.58862011813 0.351540875472 0.519191345152
frame000547.png 1.58928493138 0.35376405449 0.518777905961
frame000548.png 1.59003385322 0.355816803343 0.518358023177
frame000549.png 1.59077487253 0.357934942865 0.517981625558
frame000550.png 1.59131523078 0.359789245995 0.517677284342
frame000551.png 1.59210772742 0.361871176996 0.517288771936
frame000552.png 1.5928619693 0.364045859415 0.517007692185
frame000553.png 1.59368433155 0.366177522242 0.516651103185
frame000554.png 1.59435258531 0.367733399153 0.516431671663
frame000555.png 1.59521268843 0.369762056956 0.516192808005
frame000556.png 1.59605038333 0.371810315853 0.515970903817
frame000557.png 1.59670829931 0.373281290703 0.515754515677
frame000558.png 1.59757943794 0.375150126013 0.515556637837
frame000559.png 1.59845491616 0.377084123208 0.515354210083
frame000560.png 1.59931086012 0.378927814704 0.515199953326
frame000561.png 1.600211198 0.380661685101 0.515122800342
frame000562.png 1.60093644697 0.381960822957 0.514978250033
frame000563.png 1.60183729202 0.383777155337 0.514868955591
frame000564.png 1.6027288207 0.385414567903 0.514796426625
frame000565.png 1.60365566451 0.386927604707 0.514722296591
frame000566.png 1.60434305409 0.388289046364 0.514726112878
frame000567.png 1.60522815189 0.38990871836 0.514718518151
frame000568.png 1.60618330214 0.391259076359 0.514697071543
frame000569.png 1.60709563187 0.39269169703 0.514680410803
frame000570.png 1.60774938807 0.393897349779 0.514630655639
frame000571.png 1.6086674901 0.39530026966 0.51470795391
frame000572.png 1.60953549716 0.396672332442 0.514814053724
frame000573.png 1.61040038225 0.39803149037 0.514885499193
frame000574.png 1.61109931815 0.399096902759 0.514980523913
frame000575.png 1.61197473748 0.400165251023 0.514999887264
frame000576.png 1.61283106375 0.4013554446 0.515171929433
frame000577.png 1.6134916412 0.402327485418 0.515299233708
frame000578.png 1.61431501758 0.403467978423 0.515430898536
frame000579.png 1.61512051386 0.40455307138 0.515570348027
frame000580.png 1.61589490858 0.405587097154 0.515775865764
frame000581.png 1.61649798582 0.406305708063 0.515915202725
frame000582.png 1.61730155006 0.407220012413 0.516055780613
frame000583.png 1.61801326401 0.408231397349 0.516293216425
frame000584.png 1.61858630379 0.408906478238 0.516489787697
frame000585.png 1.61928638588 0.409686953919 0.516681227369
frame000586.png 1.61993988051 0.410525153358 0.516940408008
frame000587.png 1.62060373763 0.411264357744 0.517214152188
frame000588.png 1.6211087967 0.411813531112 0.517418995067
frame000589.png 1.62171775435 0.412528311602 0.517678545138
frame000590.png 1.62228175948 0.413150209116 0.517954990369
frame000591.png 1.62282177951 0.413786628356 0.518267320383
frame000592.png 1.62323107126 0.414211120345 0.518490563355
frame000593.png 1.62371414764 0.414767547806 0.518745231678
frame000594.png 1.62415379677 0.41532758603 0.519044669653
frame000595.png 1.62460377267 0.415702911551 0.519348824551
frame000596.png 1.62490989657 0.416020245576 0.519584998774
frame000597.png 1.62523953037 0.416534414768 0.519908272696
frame000598.png 1.62559016189 0.416853302435 0.520282982286
frame000599.png 1.62588305305 0.417175954162 0.520616868624
frame000600.png 1.62608664676 0.417646627067 0.520949437769
frame000601.png 1.62627641229 0.417833263336 0.521223377721
frame000602.png 1.62647633213 0.418012283454 0.521541128536
frame000603.png 1.62662802107 0.418203416267 0.521820019244
frame000604.png 1.62672818983 0.418484618393 0.522228225386
frame000605.png 1.62676624938 0.41862546976 0.522441647546
frame000606.png 1.6267986731 0.418854092861 0.522862955548
frame000607.png 1.62678036355 0.419007017299 0.523228634873
frame000608.png 1.626760275 0.419046831744 0.523586432505
frame000609.png 1.62668030658 0.419136795081 0.523861577029
frame000610.png 1.62653241935 0.419196102914 0.524158051249
frame000611.png 1.62634663955 0.419379201666 0.524637599911
frame000612.png 1.6261229234 0.419359471196 0.524868813274
frame000613.png 1.62589686373 0.41944942072 0.525186317055
frame000614.png 1.62558514692 0.419490977417 0.525525810437
frame000615.png 1.62529477909 0.419330498718 0.525919720291
frame000616.png 1.62484616841 0.419426183975 0.526184618816
frame000617.png 1.62448776203 0.419455879901 0.526456590902
frame000618.png 1.62402746135 0.419336338136 0.526798371246
frame000619.png 1.62347140142 0.419401719485 0.527147461852
frame000620.png 1.62287556843 0.419456762736 0.527499869088
frame000621.png 1.62240968219 0.419336264382 0.527751121515
frame000622.png 1.62175554306 0.419268526741 0.528081529226
frame000623.png 1.62104549046 0.419238537668 0.528448830367
frame000624.png 1.6202777422 0.419164044401 0.528732702929
frame000625.png 1.61966210098 0.419086352559 0.528998900432
frame000626.png 1.61878566468 0.419065986983 0.529335979556
frame000627.png 1.61786758563 0.419091776552 0.529643995277
frame000628.png 1.61711605241 0.418967694152 0.529721397136
frame000629.png 1.61615593891 0.418889602164 0.530086084147
frame000630.png 1.61511251787 0.418875752072 0.530373763287
frame000631.png 1.61404397174 0.418838312651 0.530682791387
frame000632.png 1.613207853 0.418749160124 0.530878111917
frame000633.png 1.61201755981 0.418808723403 0.531152850716
frame000634.png 1.61080231167 0.418804548917 0.531384415308
frame000635.png 1.60961152424 0.418724381255 0.531613392842
frame000636.png 1.60859681124 0.418705839179 0.531835601999
frame000637.png 1.60724768213 0.418758137861 0.532039091025
frame000638.png 1.60586145819 0.418812409531 0.532230553685
frame000639.png 1.6044375245 0.4189410052 0.53251839812
frame000640.png 1.60326242449 0.419023098018 0.532622323328
frame000641.png 1.60173943156 0.419068536697 0.53291239273
frame000642.png 1.6002040683 0.419127781442 0.533052348637
frame000643.png 1.59891823782 0.419229084112 0.533155345168
frame000644.png 1.59733856542 0.419399400318 0.533372266743
frame000645.png 1.59570558397 0.419612269848 0.533566415717
frame000646.png 1.59401096968 0.41985109765 0.533737509226
frame000647.png 1.59261169998 0.420089938715 0.533800893715
frame000648.png 1.59084435741 0.42023775889 0.533932488812
frame000649.png 1.58909569865 0.420486420723 0.534081513528
frame000650.png 1.58722395711 0.420927346288 0.534214492154
frame000651.png 1.58573300949 0.421133008742 0.534263232464
frame000652.png 1.58382502345 0.421517950753 0.534348226802
frame000653.png 1.58193037664 0.421956033757 0.534496674611
frame000654.png 1.58040541055 0.422255440871 0.534603394035
frame000655.png 1.57840519611 0.422639358893 0.534661318735
frame000656.png 1.57641242257 0.42315762731 0.534701754191
frame000657.png 1.57440017814 0.423710692765 0.534756905033
frame000658.png 1.57240594449 0.424197004714 0.534820410685
frame000659.png 1.57073008231 0.424734230335 0.534852805756
frame000660.png 1.56863128576 0.425378818494 0.534867384213
frame000661.png 1.56651305797 0.426068801619 0.534947180411
frame000662.png 1.5644409987 0.426610749383 0.534902389757
frame000663.png 1.56269510725 0.42724031011 0.534880542091
frame000664.png 1.56044497097 0.42803312276 0.534832093315
frame000665.png 1.55832722449 0.428801799823 0.535008252665
frame000666.png 1.55606391945 0.42975464411 0.534960062748
frame000667.png 1.55419872241 0.430518957454 0.534821447866
frame000668.png 1.55199967447 0.431346108692 0.534847832195
frame000669.png 1.54977557675 0.432259696184 0.53471676057
frame000670.png 1.54760347619 0.433255064452 0.534712319035
frame000671.png 1.54594008728 0.434007620916 0.53464958416
frame000672.png 1.54383238851 0.435033087861 0.534650760297
frame000673.png 1.54184938302 0.436054032579 0.534489367297
frame000674.png 1.53993984894 0.437006932695 0.534398963821
frame000675.png 1.53849066039 0.43773039924 0.53436628066
frame000676.png 1.53680960742 0.438555033085 0.534320308268
frame000677.png 1.53515148706 0.439476786484 0.534219635451
frame000678.png 1.53390477962 0.440199884114 0.534137038127
frame000679.png 1.53243823919 0.441038248128 0.534076357924
frame000680.png 1.53106753672 0.441851605737 0.533970315667
frame000681.png 1.52977921868 0.442585862621 0.533920534205
frame000682.png 1.5288203618 0.443163206973 0.533884098673
frame000683.png 1.52772745949 0.443832395234 0.53388026014
frame000684.png 1.52671370107 0.44446766435 0.533696966802
frame000685.png 1.52581311449 0.445007708176 0.533655606283
frame000686.png 1.52516049458 0.445428484402 0.53355870413
frame000687.png 1.52442169301 0.445858702755 0.533484691991
frame000688.png 1.52379061474 0.446289809148 0.533560961166
frame000689.png 1.52326154506 0.446577167483 0.533443178532
frame000690.png 1.52279044941 0.446914477766 0.53342582457
frame000691.png 1.52250269462 0.447108896931 0.533410527295
frame000692.png 1.5221879492 0.447314733032 0.533393011315
frame000693.png 1.52198704906 0.447434799842 0.533366812706
frame000694.png 1.5219018352 0.447520689935 0.533401882669
frame000695.png 1.52187956892 0.447520600122 0.533389242815
frame000696.png 1.521898005 0.447563350976 0.533480684878
frame000697.png 1.52173589965 0.447602718295 0.532737434201
frame000698.png 1.52161163226 0.447623859223 0.532034864574
frame000699.png 1.52147007931 0.447646228156 0.531206208753
frame000700.png 1.52110468039 0.447747363112 0.529542108426
frame000701.png 1.52073392362 0.447820341653 0.527795482531
frame000702.png 1.52039826998 0.447849774131 0.52624731535
frame000703.png 1.51990885667 0.44786189145 0.524101891735
frame000704.png 1.51926162533 0.447892427095 0.521398638212
frame000705.png 1.51863223095 0.447900462108 0.51901183493
frame000706.png 1.51773989202 0.448020276878 0.515960253128
frame000707.png 1.51668484075 0.448102068356 0.51267959584
frame000708.png 1.51572490993 0.448041006009 0.509708965806
frame000709.png 1.51438286478 0.447963134198 0.505896335935
frame000710.png 1.51281746625 0.447927586973 0.501865146805
frame000711.png 1.51096724806 0.447869567165 0.497513798355
frame000712.png 1.50925685121 0.447724981243 0.493624383407
frame000713.png 1.50696396095 0.447503702949 0.488858353995
frame000714.png 1.50431286505 0.447275168762 0.483878042867
frame000715.png 1.50137812277 0.447007261403 0.478872665165
frame000716.png 1.4987678781 0.446551990212 0.474606225748
frame000717.png 1.49500643036 0.446115448722 0.468966966568
frame000718.png 1.4908169392 0.445511818702 0.463058004257
frame000719.png 1.4873280789 0.444951676881 0.458549744749
frame000720.png 1.48290841357 0.444323847757 0.453229964917
frame000721.png 1.47861306427 0.443458425018 0.448478238034
frame000722.png 1.47518394571 0.442880046467 0.44496539269
frame000723.png 1.47075593484 0.442035997699 0.440539718737
frame000724.png 1.46659649731 0.441357299513 0.436680718299
frame000725.png 1.46241470114 0.440553638413 0.432944029887
frame000726.png 1.4592109543 0.439842677069 0.430085159845
frame000727.png 1.45550667577 0.439057760571 0.427159469562
frame000728.png 1.45193057083 0.43836419042 0.42441726372
frame000729.png 1.44857745943 0.437680836846 0.42192932959
frame000730.png 1.44600076733 0.437171571056 0.420074567575
frame000731.png 1.44304658847 0.43653651223 0.418065834824
frame000732.png 1.44026344798 0.435932468327 0.416007067676
frame000733.png 1.43827065021 0.435534098462 0.414833418078
frame000734.png 1.43601460895 0.435062936531 0.413348945164
frame000735.png 1.43406850519 0.434589364028 0.41203274631
frame000736.png 1.43250199408 0.434225001926 0.411127232394
frame000737.png 1.43141458212 0.433999071849 0.410486178828
frame000738.png 1.43035839973 0.433766312307 0.409794249081
frame000739.png 1.42952562616 0.433558798939 0.409151728611
frame000740.png 1.42918611684 0.433475798841 0.408956681296
frame000741.png 1.42911499376 0.433516976707 0.409012094982
frame000742.png 1.4288946387 0.433532209665 0.409000588205
frame000743.png 1.42841136895 0.433567839455 0.408965192433
frame000744.png 1.4279068624 0.433694641493 0.409012100863
frame000745.png 1.42692093365 0.433816080293 0.408916243484
frame000746.png 1.42568457197 0.434038966583 0.40886375074
frame000747.png 1.42410756882 0.434360417934 0.408784125682
frame000748.png 1.42270930265 0.434470149046 0.408775594051
frame000749.png 1.42047514539 0.434727026783 0.408522307415
frame000750.png 1.41798299262 0.435157512787 0.408383895207
frame000751.png 1.41578919062 0.435366868799 0.408349000095
frame000752.png 1.41286433826 0.435703818271 0.408244425193
frame000753.png 1.40940486903 0.436083636724 0.407989047969
frame000754.png 1.40566259421 0.43653075044 0.408005481501
frame000755.png 1.40154383248 0.436967682565 0.407852488935
frame000756.png 1.39802687212 0.437316919251 0.407919885172
frame000757.png 1.39310555389 0.437737171409 0.407683158947
frame000758.png 1.38779291361 0.438177572748 0.407610401867
frame000759.png 1.38310280151 0.438512929388 0.40768564924
frame000760.png 1.37700384407 0.438806960937 0.407634808981
frame000761.png 1.37030751047 0.439231771476 0.407560685062
frame000762.png 1.36504294754 0.439481717944 0.4077651871
frame000763.png 1.35823029651 0.439788397832 0.408014935884
frame000764.png 1.3517955845 0.439989729144 0.408008144932
frame000765.png 1.34567249938 0.440111773593 0.408186553469
frame000766.png 1.34096732919 0.44016936188 0.408398506763
frame000767.png 1.33534546663 0.440309822466 0.408718738215
frame000768.png 1.32998484863 0.440278237501 0.408823277969
frame000769.png 1.32502941356 0.440291406248 0.408962925267
frame000770.png 1.32060788664 0.440294810537 0.409271899078
frame000771.png 1.31714546476 0.440328187204 0.409597767621
frame000772.png 1.31312471501 0.440192111892 0.409776487438
frame000773.png 1.30955599337 0.440148072161 0.410004098848
frame000774.png 1.30695092371 0.440117209009 0.41007613908
frame000775.png 1.30384835642 0.43997493318 0.410331173648
frame000776.png 1.30178872677 0.439921801703 0.410375741069
frame000777.png 1.29974006047 0.439961630526 0.410651645028
frame000778.png 1.29795907874 0.439847828665 0.410637830778
frame000779.png 1.29678490625 0.439855634097 0.410826893062
frame000780.png 1.29605163169 0.439779448556 0.410791345047
frame000781.png 1.29557224944 0.439741254397 0.410761957644
frame000782.png 1.29549338986 0.439839429547 0.410821257579
frame000783.png 1.29533159276 0.439720475558 0.410932968928
frame000784.png 1.29506609724 0.439478080946 0.410910824541
frame000785.png 1.29481087273 0.438912870683 0.411060143352
frame000786.png 1.29442960478 0.437951190837 0.411199946665
frame000787.png 1.29404619612 0.437142083208 0.411356614326
frame000788.png 1.29331565241 0.435964312298 0.411493968793
frame000789.png 1.29249231524 0.434599752375 0.411763296909
frame000790.png 1.29180599457 0.433278672019 0.412039216277
frame000791.png 1.29062675475 0.431466002097 0.412194270505
frame000792.png 1.28948313536 0.429376621589 0.412539317189
frame000793.png 1.28844351519 0.427655136648 0.412972457701
frame000794.png 1.28693748306 0.425202066721 0.413276833894
frame000795.png 1.28536964262 0.422692279455 0.413889268261
frame000796.png 1.2835214612 0.419838988739 0.414321623127
frame000797.png 1.28202644154 0.417510175795 0.414968344851
frame000798.png 1.27999716997 0.414209767974 0.415672398098
frame000799.png 1.27767978946 0.410885928099 0.416494582991
frame000800.png 1.27530720086 0.407405643422 0.417416824959
frame000801.png 1.27314437067 0.404336283748 0.418198772098
frame000802.png 1.27026759742 0.40037051228 0.419297850115
frame000803.png 1.26732794972 0.396189680818 0.420539879174
frame000804.png 1.26402378984 0.391876812701 0.421724332947
frame000805.png 1.26122404302 0.388258405982 0.4229299295
frame000806.png 1.25749963407 0.383542197145 0.424586781351
frame000807.png 1.25363977972 0.378846016519 0.426411825845
frame000808.png 1.25017379424 0.374744847066 0.427887667343
frame000809.png 1.24594452449 0.369726424982 0.429858428808
frame000810.png 1.2416651749 0.365111122989 0.431737470527
frame000811.png 1.23768501606 0.360684711117 0.433813128941
frame000812.png 1.23365525891 0.356387782255 0.435732078784
frame000813.png 1.23056804358 0.353057865206 0.437451125848
frame000814.png 1.22666926851 0.349135452941 0.439368484324
frame000815.png 1.22289311886 0.345450194394 0.441322554224
frame000816.png 1.22004187872 0.342537302242 0.442752450221
frame000817.png 1.21659488423 0.339422153479 0.444532717042
frame000818.png 1.21338560647 0.336216359779 0.446307248492
frame000819.png 1.21021908229 0.333473167867 0.447872571427
frame000820.png 1.20789662225 0.331213152579 0.44925354417
frame000821.png 1.20509270459 0.328744205821 0.450725157333
frame000822.png 1.2024775897 0.326501147525 0.452199726087
frame000823.png 1.2005294493 0.324671238854 0.453262051874
frame000824.png 1.19827353964 0.322753683539 0.45452819238
frame000825.png 1.19624596478 0.321018190183 0.455672100224
frame000826.png 1.1944775764 0.319603940406 0.456600342674
frame000827.png 1.19310920852 0.318370152533 0.457432744896
frame000828.png 1.19158706527 0.317201470964 0.458165159265
frame000829.png 1.19038554308 0.31625116753 0.458930687021
frame000830.png 1.18939010298 0.315401147644 0.459415899578
frame000831.png 1.18879091897 0.314891642206 0.459812321865
frame000832.png 1.18820864855 0.314479788688 0.460190777685
frame000833.png 1.18780183098 0.314160122792 0.460385175055
frame000834.png 1.18777687289 0.314077415077 0.460458300591
frame000835.png 1.18773999124 0.313942195946 0.460469788709
frame000836.png 1.18746823001 0.313543146379 0.460333683156
frame000837.png 1.18720898227 0.312973627447 0.460155366929
frame000838.png 1.18690636827 0.312268113512 0.459988379532
frame000839.png 1.18624883085 0.311218172912 0.459601032103
frame000840.png 1.185642463 0.309889945932 0.45923080429
frame000841.png 1.18487602885 0.308702055058 0.458795767448
frame000842.png 1.18394707206 0.306812588485 0.458274487391
frame000843.png 1.182762107 0.304711954483 0.457585515053
frame000844.png 1.18146458695 0.302471444102 0.456896551385
frame000845.png 1.18041240692 0.300311818001 0.456312282568
frame000846.png 1.17886723329 0.297622301645 0.455542190197
frame000847.png 1.17714086703 0.294651993588 0.454691037449
frame000848.png 1.17514818792 0.291453865473 0.453726020859
frame000849.png 1.17349288932 0.288658453402 0.452977818229
frame000850.png 1.17117737782 0.28511911348 0.45193915498
frame000851.png 1.16876254823 0.281247380582 0.450928355099
frame000852.png 1.16623935475 0.277363127324 0.449954419514
frame000853.png 1.16352415428 0.273278477342 0.448992488056
frame000854.png 1.16097749281 0.269747572822 0.448136801592
frame000855.png 1.1577325999 0.265288391468 0.447090430763
frame000856.png 1.15434847982 0.260710936676 0.446072884984
frame000857.png 1.15075551885 0.255981684081 0.445157926998
frame000858.png 1.147736549 0.252256815145 0.444426324452
frame000859.png 1.14408365688 0.247864211219 0.443531731847
frame000860.png 1.14062299599 0.243669869239 0.442895305609
frame000861.png 1.13723288797 0.239870777312 0.442260166524
frame000862.png 1.13454095315 0.237034186622 0.441853484666
frame000863.png 1.13147648841 0.233680029092 0.441470052443
frame000864.png 1.12854095017 0.230597647489 0.44109538573
frame000865.png 1.12573047291 0.227710206344 0.440767997242
frame000866.png 1.12318834683 0.225183924187 0.440562622298
frame000867.png 1.12115252904 0.223180130821 0.440391993962
frame000868.png 1.11879982739 0.221013005655 0.440179114237
frame000869.png 1.11662563813 0.218948042054 0.440030643699
frame000870.png 1.1146952547 0.217227380999 0.439914837507
frame000871.png 1.11323642813 0.215855714132 0.43985092388
frame000872.png 1.11165367885 0.214418575813 0.439843155983
frame000873.png 1.11022960991 0.21327460489 0.439753470053
frame000874.png 1.10910703607 0.212121557027 0.439769007692
frame000875.png 1.1082003903 0.211458236403 0.439733356509
frame000876.png 1.10738691476 0.210710407783 0.439732276604
frame000877.png 1.1067164277 0.210212961072 0.439729555757
frame000878.png 1.10622772728 0.20985310841 0.439698768675
frame000879.png 1.10612058282 0.209652192483 0.439728665947
frame000880.png 1.10610527228 0.209588903115 0.439771855514
frame000881.png 1.10597579369 0.20937847598 0.439676074036
frame000882.png 1.1059966871 0.208968823253 0.439735385226
frame000883.png 1.10592114829 0.208504895864 0.439656755929
frame000884.png 1.10574999667 0.207812442385 0.439465505308
frame000885.png 1.10575328253 0.206816755396 0.439349498544
frame000886.png 1.10560000029 0.205638214939 0.439122843148
frame000887.png 1.10549425109 0.204415437402 0.438975016928
frame000888.png 1.10526396918 0.202848756325 0.438708861922
frame000889.png 1.1050741458 0.201049686723 0.438478249323
frame000890.png 1.10496158649 0.199389505794 0.438263723358
frame000891.png 1.10456985937 0.197240010896 0.437867589813
frame000892.png 1.10433457983 0.19493962506 0.437586912174
frame000893.png 1.10388129092 0.192425203034 0.43718374283
frame000894.png 1.10350190147 0.189621630949 0.436800118785
frame000895.png 1.10306089382 0.187269210872 0.436424966777
frame000896.png 1.10255577297 0.184095473281 0.436009139316
frame000897.png 1.10200118057 0.180802400096 0.435595983486
frame000898.png 1.10142016121 0.178015382667 0.435164972353
frame000899.png 1.10065998809 0.174438620867 0.434637512366
frame000900.png 1.09993020564 0.170720011223 0.43419605845
frame000901.png 1.09912063043 0.166861474189 0.433735357503
frame000902.png 1.0981001942 0.162906384842 0.433199981946
frame000903.png 1.0972102411 0.159566207083 0.432777242267
frame000904.png 1.09600555707 0.155266736638 0.432186361591
frame000905.png 1.09478967313 0.150887799687 0.431653227471
frame000906.png 1.09356734831 0.146926593751 0.431204653929
frame000907.png 1.09255641909 0.143885365778 0.430875848481
frame000908.png 1.09124630421 0.140188351544 0.430388948491
frame000909.png 1.09005393499 0.136703943605 0.430017696026
frame000910.png 1.08891889917 0.133601866757 0.429726102691
frame000911.png 1.08795789429 0.131166113507 0.429461242798
frame000912.png 1.08680100645 0.128332895072 0.429157549914
frame000913.png 1.08569305436 0.125739863973 0.428859735109
frame000914.png 1.08496833635 0.123740999269 0.428692081165
frame000915.png 1.08387588789 0.121429685949 0.428456135285
frame000916.png 1.08302107268 0.119358761813 0.428269321928
frame000917.png 1.08209152343 0.117447512108 0.428078624473
frame000918.png 1.08152256533 0.116050034059 0.427945192535
frame000919.png 1.08065999062 0.114578194896 0.427781305084
frame000920.png 1.08005640277 0.113118858896 0.427732853421
frame000921.png 1.07943115706 0.112006808695 0.427595679795
frame000922.png 1.07899558457 0.111139324548 0.427532334153
frame000923.png 1.07856223295 0.110217909965 0.427479086925
frame000924.png 1.07824178044 0.109472915244 0.427401315634
frame000925.png 1.07786574824 0.108981344334 0.427337363001
frame000926.png 1.07772956778 0.108508034602 0.42728214812
frame000927.png 1.07767059755 0.108290953427 0.427335858577
frame000928.png 1.07756737379 0.108191284771 0.427279411013
frame000929.png 1.07751375197 0.108119180147 0.427268252717
frame000930.png 1.07753888624 0.107914674176 0.427290577777
frame000931.png 1.07752129968 0.107522450906 0.427284281187
frame000932.png 1.0775094193 0.106961231349 0.427259422858
frame000933.png 1.07750947956 0.106241822366 0.42725567688
frame000934.png 1.07752909825 0.10552776568 0.42726208095
frame000935.png 1.07754861799 0.104427575665 0.427263093484
frame000936.png 1.07754809575 0.10318691735 0.427228500174
frame000937.png 1.07756513307 0.101782919286 0.427229052987
frame000938.png 1.0775330824 0.100453170135 0.427225801241
frame000939.png 1.07747507467 0.098780031288 0.427170173829
frame000940.png 1.07749832255 0.0968039963786 0.427188836605
frame000941.png 1.07747514232 0.0946643729425 0.42715214128
frame000942.png 1.07747518311 0.0928975891572 0.427138971287
frame000943.png 1.07736936102 0.0904483565656 0.427102828291
frame000944.png 1.07715205802 0.0879174410761 0.426992096023
frame000945.png 1.07706047527 0.0851173321715 0.426966577411
frame000946.png 1.07694670651 0.0822433865874 0.426972352253
frame000947.png 1.07676685679 0.0797720758547 0.426892477962
frame000948.png 1.0763796693 0.0765708558202 0.426760688986
frame000949.png 1.07601451982 0.0732052527455 0.426631778946
frame000950.png 1.07581868282 0.0702728512079 0.426591302114
frame000951.png 1.0753410082 0.0668958304102 0.426491974806
frame000952.png 1.07489700308 0.0637664989691 0.426383238888
frame000953.png 1.07455291444 0.0607485126311 0.426330985276
frame000954.png 1.07415840858 0.0584708422973 0.426222181916
frame000955.png 1.07373534837 0.0558355811817 0.426113880533
frame000956.png 1.07323814569 0.0533549988509 0.425997716176
frame000957.png 1.07291498249 0.0514300352876 0.425920405196
frame000958.png 1.07248798072 0.0491606721917 0.425847062809
frame000959.png 1.07208007881 0.0472883371998 0.425723855727
frame000960.png 1.07181923551 0.0457331111467 0.425689576104
frame000961.png 1.07146169167 0.0441243188668 0.425609802267
frame000962.png 1.07112628386 0.0426008269903 0.425494882836
frame000963.png 1.07083700378 0.0413602628567 0.425451387424
frame000964.png 1.07060972544 0.0403855139743 0.425382171185
frame000965.png 1.070372003 0.0393904009679 0.425353413489
frame000966.png 1.07015373228 0.0386509846694 0.42529409705
frame000967.png 1.07000939729 0.0379106483795 0.425285482143
frame000968.png 1.06993504718 0.0375329719895 0.425245277378
frame000969.png 1.06986597192 0.0372354602213 0.425249979001
frame000970.png 1.06977283777 0.0370393410477 0.425221780241
frame000971.png 1.06979607271 0.0369356405581 0.42522022999
frame000972.png 1.06979613544 0.0366635690929 0.42518187956
frame000973.png 1.06985979336 0.0360756135221 0.425081575545
frame000974.png 1.06997459271 0.0350685747836 0.424966883277
frame000975.png 1.07005101542 0.0337674174965 0.424810288439
frame000976.png 1.07018059549 0.0324267485218 0.424653070178
frame000977.png 1.07031114466 0.0303983510302 0.424352213988
frame000978.png 1.07048213401 0.0280028994321 0.42408986478
frame000979.png 1.07066500713 0.0257985221652 0.423859268792
frame000980.png 1.0708462848 0.0227621620199 0.423533195698
frame000981.png 1.07103525989 0.0194624492947 0.423207254961
frame000982.png 1.07118964263 0.0157077524853 0.422854512581
frame000983.png 1.07132803247 0.012277062434 0.422565194762
frame000984.png 1.07142968078 0.00785396432462 0.422221794379
frame000985.png 1.07152201157 0.00382717649153 0.42194561134
frame000986.png 1.07157071927 -3.7021171671e-05 0.421684075893
frame000987.png 1.07155055366 -0.00291880125452 0.421540570729
frame000988.png 1.07154881348 -0.00607194541125 0.42136256398
frame000989.png 1.07153910406 -0.00881440026779 0.421251549013
frame000990.png 1.07149534974 -0.0113284879633 0.42117968235
frame000991.png 1.07145748058 -0.013083705848 0.42117538605
frame000992.png 1.07141754997 -0.0149398341644 0.421136350743
frame000993.png 1.07138069642 -0.0164267393585 0.421109980681
frame000994.png 1.07134051499 -0.0172551390457 0.421044563697
frame000995.png 1.07129438182 -0.0180577345557 0.421001903068
frame000996.png 1.0712680109 -0.018378411517 0.420972476538
frame000997.png 1.07127304781 -0.0184525683455 0.420994633053
frame000998.png 1.07131431216 -0.0184590750649 0.421230497414
frame000999.png 1.07146912332 -0.0184077249887 0.421824379546
frame001000.png 1.07168655269 -0.0183560610992 0.422709941697
frame001001.png 1.07204976273 -0.0182743490351 0.423972901643
frame001002.png 1.07243798859 -0.0182322865903 0.425306894523
frame001003.png 1.07290516399 -0.0180814551604 0.42720966476
frame001004.png 1.0734962061 -0.017917224288 0.429428947959
frame001005.png 1.07414004099 -0.0177513178253 0.432101197798
frame001006.png 1.07467036998 -0.0175604147616 0.434443642577
frame001007.png 1.07477682001 -0.0174738366369 0.434964059265
frame001008.png 1.07479536538 -0.0175117099274 0.435004512952
frame001009.png 1.07480935102 -0.0175093381835 0.435003843934
frame001010.png 1.07480572095 -0.0175286464146 0.435044273969
frame001011.png 1.0748156146 -0.0175208662258 0.435020311431
frame001012.png 1.07478668616 -0.0175050273089 0.434991990667
frame001013.png 1.07481885302 -0.0175015559812 0.435009628029
frame001014.png 1.07479913086 -0.0175255013606 0.435010823252
frame001015.png 1.07482451534 -0.0175316078668 0.43501335175
frame001016.png 1.07481906028 -0.017509382903 0.435027324902
frame001017.png 1.07482305538 -0.0175172406286 0.435046137762
frame001018.png 1.07481093878 -0.0175341256039 0.435024723443
frame001019.png 1.07481882508 -0.0175329545826 0.43502038637
frame001020.png 1.07479652271 -0.0174759603456 0.435019597917
frame001021.png 1.07481907642 -0.0175280287663 0.435032002158
frame001022.png 1.07483753144 -0.0175254113016 0.435032248813
frame001023.png 1.07483899444 -0.0175264895201 0.435024934453
frame001024.png 1.07482767984 -0.0175493273356 0.43502449449
frame001025.png 1.07483767963 -0.0175368007523 0.435049042473
frame001026.png 1.07482273821 -0.0174995528645 0.435038551387
frame001027.png 1.0747960859 -0.0175119655255 0.435019977872
frame001028.png 1.07481569394 -0.0175154910515 0.435004903703
frame001029.png 1.07480618656 -0.0175054201202 0.43504557919
frame001030.png 1.07481828472 -0.0175367088302 0.435026818683
