1 0.709706973258 0.697960934607 -0.00611650152899 0.0955465032383 0.972815112784 -0.00486522597589 0.389816934419 1 frame000010.png

2 0.717028188756 0.689121612575 0.0113772270432 0.104175516871 0.972476602368 -0.0544301960503 0.401349837457 1 frame000025.png

3 0.724948671971 0.677619725049 0.0317483445677 0.119469551975 0.963280030877 -0.125533638196 0.419574822653 1 frame000040.png

4 0.727872710927 0.670670279576 0.0581854825749 0.130449769639 0.973133933428 -0.144817544008 0.426581286179 1 frame000055.png

5 0.726954712786 0.64922324655 0.142276922077 0.172636320456 1.0027449424 -0.204968806949 0.456929564455 1 frame000070.png

6 0.723061300346 0.643662860181 0.166733170273 0.187297966612 1.01102482339 -0.224778901543 0.46880334416 1 frame000085.png

7 0.690093268108 0.673155141489 0.194995033415 0.180583425993 1.05916385018 -0.240722498211 0.467385248419 1 frame000100.png

8 0.634049609397 0.715887476161 0.24044115039 0.166355846001 1.13427851086 -0.257304835944 0.471456113325 1 frame000115.png

9 0.62265556123 0.721906628915 0.252136945473 0.166065745795 1.15317984362 -0.26154848737 0.472566976932 1 frame000130.png

10 0.634561448619 0.681816435823 0.289491259636 0.220574083614 1.21055775495 -0.295126690211 0.463938118721 1 frame000145.png

11 0.64358950637 0.621688939311 0.337982112004 0.291656479431 1.27308556913 -0.329606304725 0.456539371499 1 frame000160.png

12 0.637168956004 0.611794451103 0.349452045701 0.31242045205 1.28190531711 -0.331874989096 0.459285390875 1 frame000175.png

13 0.489602351854 0.366898615874 0.602161248318 0.512910102993 1.56709802281 -0.3197174662 0.505468337463 1 frame000320.png

14 0.472840916958 0.297330295444 0.627856469793 0.542044662367 1.57976572941 -0.26208119465 0.499330344702 1 frame000335.png

15 0.460770538347 0.244714911497 0.647119690528 0.55591476794 1.58951139374 -0.218055866421 0.500606988336 1 frame000350.png

16 0.458760986396 0.17436735306 0.700084064411 0.518668185169 1.61083298308 -0.151232474274 0.560044993176 1 frame000365.png

17 0.448989378568 0.128654461595 0.722270327717 0.510080524178 1.61690100644 -0.112326379924 0.573119914337 1 frame000380.png

18 0.423609380554 0.0400884843829 0.757003410529 0.495876842143 1.62380681068 -0.0379759334471 0.588719437364 1 frame000395.png

19 0.380475053664 -0.0259340451973 0.761692173981 0.52382362579 1.62343740741 0.00325025215022 0.591288413945 1 frame000410.png

20 0.324136761325 -0.105928372355 0.761652162231 0.550999567746 1.62208559984 0.0525636175498 0.594554900526 1 frame000425.png

21 0.340502158454 -0.100292378612 0.788921503016 0.501600020893 1.61994079687 0.083514631865 0.591512997534 1 frame000440.png

22 -0.384185944204 0.100315744413 -0.829799935011 -0.392135154704 1.61446963077 0.145966662702 0.587032528691 1 frame000455.png

23 -0.370950772129 0.121562922742 -0.83447788636 -0.388927548069 1.61118800518 0.164347191142 0.581961890916 1 frame000470.png

24 -0.264240631463 0.235039486338 -0.836824648298 -0.41792084962 1.59342750893 0.23508838167 0.556338529326 1 frame000485.png

25 -0.20140770751 0.294989145904 -0.831302666189 -0.425854689232 1.58183685642 0.273471210994 0.542825939908 1 frame000500.png

26 -0.245493257561 0.268142052244 -0.831391402919 -0.420263293024 1.58083089402 0.283307367799 0.53903229296 1 frame000515.png

27 -0.418051119025 -0.493469987199 0.500544494392 0.575478794352 1.52110468039 0.447747363112 0.529542108426 1 frame000700.png

28 -0.4241384644 -0.509174947079 0.526755712415 0.532330588752 1.50137812277 0.447007261403 0.478872665165 1 frame000715.png

29 0.428493630582 0.525996614832 -0.562842746539 -0.472153378049 1.44600076733 0.437171571056 0.420074567575 1 frame000730.png

30 0.432698075182 0.530181802374 -0.567903116355 -0.457346348624 1.42692093365 0.433816080293 0.408916243484 1 frame000745.png

31 0.512828467082 0.550115783175 -0.496692393658 -0.433216175291 1.37700384407 0.438806960937 0.407634808981 1 frame000760.png

32 0.602180830088 0.564844139297 -0.402196343934 -0.395686046131 1.30384835642 0.43997493318 0.410331173648 1 frame000775.png

33 0.599882174829 0.574649874228 -0.395672624375 -0.391614699279 1.29180599457 0.433278672019 0.412039216277 1 frame000790.png

34 -0.521742533878 -0.634353828453 0.418073404083 0.388065171677 1.26122404302 0.388258405982 0.4229299295 1 frame000805.png

35 -0.415511219926 -0.707855114302 0.438672652685 0.365865914042 1.20789662225 0.331213152579 0.44925354417 1 frame000820.png

36 -0.381713912013 -0.729690726435 0.442914309861 0.354503663241 1.18773999124 0.313942195946 0.460469788709 1 frame000835.png

37 -0.418893937652 -0.741644592937 0.40390824884 0.333690415332 1.17117737782 0.28511911348 0.45193915498 1 frame000850.png

38 -0.496245009016 -0.762794987854 0.311789101972 0.273262242953 1.12573047291 0.227710206344 0.440767997242 1 frame000865.png

39 0.52250954098 0.768080738315 -0.276680509359 -0.245934248845 1.10610527228 0.209588903115 0.439771855514 1 frame000880.png

40 0.552214725517 0.766425103493 -0.242322755078 -0.22120384271 1.10306089382 0.187269210872 0.436424966777 1 frame000895.png

41 0.621245463093 0.754711234607 -0.149980128164 -0.148226138382 1.08891889917 0.133601866757 0.429726102691 1 frame000910.png

42 -0.651804652978 -0.743940084132 0.101919550663 0.106377867861 1.07786574824 0.108981344334 0.427337363001 1 frame000925.png

43 -0.667756950504 -0.734708083238 0.0819686719649 0.0870966376748 1.07749832255 0.0968039963786 0.427188836605 1 frame000940.png

44 -0.717824271419 -0.695809152942 0.0125028891116 0.0205332853506 1.07373534837 0.0558355811817 0.426113880533 1 frame000955.png

45 -0.738296655511 -0.674070645866 -0.0207494825229 -0.0107829410936 1.06977283777 0.0370393410477 0.425221780241 1 frame000970.png

46 -0.712384824826 -0.70017531495 -0.0380897754558 -0.0284878693088 1.07152201157 0.00382717649153 0.42194561134 1 frame000985.png

47 -0.692421717267 -0.7189203787 -0.0420728848844 -0.0439946235916 1.07168655269 -0.0183560610992 0.422709941697 1 frame001000.png
